==========================================================================================
Information: 
Exchange parameters generated by TB2J 0.9.0.1
Generation time: 25/06/03 00:44:15
Calculated with TB2J.==========================================================================================
Cell (Angstrom):
2.46654077  0.00000000  0.00000000
-0.82218026  2.32547694  0.00000000
-0.82218026  -1.16273847  2.01392211

==========================================================================================
Atoms:  
(Note: charge and magmoms only count the wannier functions.)
Atom number        x             y             z       w_charge  w_magmom 
Fe1             0.00000000    0.00000000    0.00000000   16.0000    2.3207
Total                                                    16.0000    2.3207

==========================================================================================
Orbitals used in decomposition: 
The name of the orbitals for the decomposition: 
Fe1 : ('3dxy', '3dyz', '3dz2', '3dxz', '3dx2-y2')

==========================================================================================
Exchange: 
    i      j          R        J_iso(meV)          vector          distance(A) 
----------------------------------------------------------------------------------------
   Fe1   Fe1   ( -1,   0,   0) 18.8040   (-2.467,  0.000,  0.000)  2.467 
J_iso: 18.8040 
Orbital contributions:
 isotropic J:
 [[11.474 -0.     0.298 -0.     0.097]
 [-0.     3.737 -0.    -0.212  0.   ]
 [-0.161 -0.     3.213 -0.    -3.107]
 [-0.     0.399 -0.    11.468 -0.   ]
 [-0.054  0.    -3.108  0.    -4.058]] 
----------------------------------------------------------------------------------------
   Fe1   Fe1   (  0,  -1,   0) 18.8041   ( 0.822, -2.325,  0.000)  2.467 
J_iso: 18.8041 
Orbital contributions:
 isotropic J:
 [[ 0.844  0.    -0.737 -0.     4.708]
 [-0.     5.645 -0.     4.675  0.   ]
 [-0.606 -0.     3.213 -0.    -2.663]
 [-0.     4.064 -0.     1.008 -0.   ]
 [ 4.371 -0.    -2.072  0.    -2.464]] 
----------------------------------------------------------------------------------------
   Fe1   Fe1   (  0,   0,  -1) 18.8041   ( 0.822,  1.163, -2.014)  2.467 
J_iso: 18.8041 
Orbital contributions:
 isotropic J:
 [[ 0.129 -0.736  4.863  0.836 -0.092]
 [-0.458 -2.703 -1.251  2.147  2.012]
 [ 4.991 -1.042  0.985 -0.521  0.624]
 [ 0.837  2.147 -0.626  0.049  2.479]
 [-0.092  2.08   0.608  2.373  0.347]] 
----------------------------------------------------------------------------------------
   Fe1   Fe1   (  0,   0,   1) 18.8041   (-0.822, -1.163,  2.014)  2.467 
J_iso: 18.8041 
Orbital contributions:
 isotropic J:
 [[ 0.129 -0.458  4.991  0.837 -0.092]
 [-0.736 -2.703 -1.042  2.147  2.08 ]
 [ 4.863 -1.251  0.985 -0.626  0.608]
 [ 0.836  2.147 -0.521  0.049  2.373]
 [-0.092  2.012  0.624  2.479  0.347]] 
----------------------------------------------------------------------------------------
   Fe1   Fe1   (  0,   1,   0) 18.8041   (-0.822,  2.325,  0.000)  2.467 
J_iso: 18.8041 
Orbital contributions:
 isotropic J:
 [[ 0.844 -0.    -0.606 -0.     4.371]
 [ 0.     5.645 -0.     4.064 -0.   ]
 [-0.737 -0.     3.213 -0.    -2.072]
 [-0.     4.675 -0.     1.008  0.   ]
 [ 4.708  0.    -2.663 -0.    -2.464]] 
----------------------------------------------------------------------------------------
   Fe1   Fe1   (  1,   0,   0) 18.8040   ( 2.467,  0.000,  0.000)  2.467 
J_iso: 18.8040 
Orbital contributions:
 isotropic J:
 [[11.474 -0.    -0.161 -0.    -0.054]
 [-0.     3.737 -0.     0.399  0.   ]
 [ 0.298 -0.     3.213 -0.    -3.108]
 [-0.    -0.212 -0.    11.468  0.   ]
 [ 0.097  0.    -3.107 -0.    -4.058]] 
----------------------------------------------------------------------------------------
   Fe1   Fe1   ( -1,  -1,  -1) 18.9276   (-0.822, -1.163, -2.014)  2.467 
J_iso: 18.9276 
Orbital contributions:
 isotropic J:
 [[ 0.127 -0.728  4.861  0.842 -0.092]
 [-0.451 -2.683 -1.229  2.153  2.013]
 [ 4.992 -1.022  0.995 -0.511  0.624]
 [ 0.842  2.153 -0.615  0.056  2.476]
 [-0.092  2.083  0.608  2.374  0.337]] 
----------------------------------------------------------------------------------------
   Fe1   Fe1   (  1,   1,   1) 18.9276   ( 0.822,  1.163,  2.014)  2.467 
J_iso: 18.9276 
Orbital contributions:
 isotropic J:
 [[ 0.127 -0.451  4.992  0.842 -0.092]
 [-0.728 -2.683 -1.022  2.153  2.083]
 [ 4.861 -1.229  0.995 -0.615  0.608]
 [ 0.842  2.153 -0.511  0.056  2.374]
 [-0.092  2.013  0.624  2.476  0.337]] 
----------------------------------------------------------------------------------------
   Fe1   Fe1   (  0,  -1,  -1) 12.4501   ( 1.644, -1.163, -2.014)  2.848 
J_iso: 12.4501 
Orbital contributions:
 isotropic J:
 [[ 0.168 -0.088  1.752 -0.576  0.401]
 [-0.088  0.293 -0.082  2.323 -0.257]
 [ 1.752 -0.082  2.547 -0.163  0.219]
 [-0.576  2.323 -0.163 -0.587  0.041]
 [ 0.401 -0.257  0.22   0.041  2.747]] 
----------------------------------------------------------------------------------------
   Fe1   Fe1   (  0,   1,   1) 12.4501   (-1.644,  1.163,  2.014)  2.848 
J_iso: 12.4501 
Orbital contributions:
 isotropic J:
 [[ 0.168 -0.088  1.752 -0.576  0.401]
 [-0.088  0.293 -0.082  2.323 -0.257]
 [ 1.752 -0.082  2.547 -0.163  0.22 ]
 [-0.576  2.323 -0.163 -0.587  0.041]
 [ 0.401 -0.257  0.219  0.041  2.747]] 
----------------------------------------------------------------------------------------
   Fe1   Fe1   ( -1,  -1,   0) 12.4501   (-1.644, -2.325,  0.000)  2.848 
J_iso: 12.4501 
Orbital contributions:
 isotropic J:
 [[-1.541  0.     1.636  0.     0.64 ]
 [-0.     1.829  0.     1.989  0.   ]
 [ 1.635  0.    -1.123  0.     0.204]
 [ 0.     1.989  0.    -0.032 -0.   ]
 [ 0.64   0.     0.204  0.     4.237]] 
----------------------------------------------------------------------------------------
   Fe1   Fe1   ( -1,   0,  -1) 12.4501   (-1.644,  1.163, -2.014)  2.848 
J_iso: 12.4501 
Orbital contributions:
 isotropic J:
 [[ 0.168 -0.088  1.753 -0.577  0.4  ]
 [-0.089  0.29  -0.081  2.325 -0.254]
 [ 1.753 -0.081  2.547 -0.163  0.219]
 [-0.577  2.324 -0.163 -0.587  0.039]
 [ 0.4   -0.254  0.218  0.039  2.748]] 
----------------------------------------------------------------------------------------
   Fe1   Fe1   (  1,   0,   1) 12.4501   ( 1.644, -1.163,  2.014)  2.848 
J_iso: 12.4501 
Orbital contributions:
 isotropic J:
 [[ 0.168 -0.089  1.753 -0.577  0.4  ]
 [-0.088  0.29  -0.081  2.324 -0.254]
 [ 1.753 -0.081  2.547 -0.163  0.218]
 [-0.577  2.325 -0.163 -0.587  0.039]
 [ 0.4   -0.254  0.219  0.039  2.748]] 
----------------------------------------------------------------------------------------
   Fe1   Fe1   (  1,   1,   0) 12.4501   ( 1.644,  2.325,  0.000)  2.848 
J_iso: 12.4501 
Orbital contributions:
 isotropic J:
 [[-1.541 -0.     1.635  0.     0.64 ]
 [ 0.     1.829  0.     1.989  0.   ]
 [ 1.636  0.    -1.123  0.     0.204]
 [ 0.     1.989  0.    -0.032  0.   ]
 [ 0.64   0.     0.204 -0.     4.237]] 
----------------------------------------------------------------------------------------
   Fe1   Fe1   ( -1,   0,   1) -0.0636   (-3.289, -1.163,  2.014)  4.028 
J_iso: -0.0636 
Orbital contributions:
 isotropic J:
 [[-0.027 -0.103 -0.025 -0.014 -0.087]
 [-0.126  0.528 -0.214 -0.083  0.692]
 [-0.023 -0.233 -0.223 -0.225 -0.258]
 [-0.015 -0.088 -0.213  0.194  0.044]
 [-0.055  0.659 -0.286  0.084 -0.051]] 
----------------------------------------------------------------------------------------
   Fe1   Fe1   ( -1,   1,   0) -0.0636   (-3.289,  2.325,  0.000)  4.028 
J_iso: -0.0636 
Orbital contributions:
 isotropic J:
 [[ 0.29  -0.    -0.02  -0.    -0.256]
 [ 0.    -0.322  0.    -0.194  0.   ]
 [ 0.023 -0.     2.308 -0.     0.003]
 [-0.    -0.194  0.    -0.152  0.   ]
 [-0.256 -0.    -0.003 -0.    -1.372]] 
----------------------------------------------------------------------------------------
   Fe1   Fe1   (  0,  -1,   1) -0.0635   ( 0.000, -3.488,  2.014)  4.028 
J_iso: -0.0635 
Orbital contributions:
 isotropic J:
 [[-0.24  -0.039 -0.052  0.145 -0.055]
 [-0.068  0.249 -0.336 -0.141  0.261]
 [-0.047 -0.359 -0.223 -0.099 -0.233]
 [ 0.145 -0.136 -0.091  0.579  0.257]
 [-0.041  0.282 -0.259  0.238  0.117]] 
----------------------------------------------------------------------------------------
   Fe1   Fe1   (  0,   1,  -1) -0.0635   ( 0.000,  3.488, -2.014)  4.028 
J_iso: -0.0635 
Orbital contributions:
 isotropic J:
 [[-0.24  -0.068 -0.047  0.145 -0.041]
 [-0.039  0.249 -0.359 -0.136  0.282]
 [-0.052 -0.336 -0.223 -0.091 -0.259]
 [ 0.145 -0.141 -0.099  0.579  0.238]
 [-0.055  0.261 -0.233  0.257  0.117]] 
----------------------------------------------------------------------------------------
   Fe1   Fe1   (  1,  -1,   0) -0.0636   ( 3.289, -2.325,  0.000)  4.028 
J_iso: -0.0636 
Orbital contributions:
 isotropic J:
 [[ 0.29   0.     0.023 -0.    -0.256]
 [-0.    -0.322 -0.    -0.194 -0.   ]
 [-0.02   0.     2.308  0.    -0.003]
 [-0.    -0.194 -0.    -0.152 -0.   ]
 [-0.256  0.     0.003  0.    -1.372]] 
----------------------------------------------------------------------------------------
   Fe1   Fe1   (  1,   0,  -1) -0.0636   ( 3.289,  1.163, -2.014)  4.028 
J_iso: -0.0636 
Orbital contributions:
 isotropic J:
 [[-0.027 -0.126 -0.023 -0.015 -0.055]
 [-0.103  0.528 -0.233 -0.088  0.659]
 [-0.025 -0.214 -0.223 -0.213 -0.286]
 [-0.014 -0.083 -0.225  0.194  0.084]
 [-0.087  0.692 -0.258  0.044 -0.051]] 
----------------------------------------------------------------------------------------
   Fe1   Fe1   ( -2,  -1,  -1) -0.0531   (-3.289, -1.163, -2.014)  4.028 
J_iso: -0.0531 
Orbital contributions:
 isotropic J:
 [[-0.027 -0.102 -0.025 -0.014 -0.087]
 [-0.126  0.53  -0.215 -0.083  0.69 ]
 [-0.023 -0.232 -0.22  -0.224 -0.258]
 [-0.014 -0.088 -0.212  0.195  0.045]
 [-0.055  0.656 -0.284  0.085 -0.045]] 
----------------------------------------------------------------------------------------
   Fe1   Fe1   ( -1,  -2,  -1) -0.0531   (-0.000, -3.488, -2.014)  4.028 
J_iso: -0.0531 
Orbital contributions:
 isotropic J:
 [[-0.237 -0.039 -0.051  0.145 -0.052]
 [-0.068  0.248 -0.335 -0.14   0.263]
 [-0.047 -0.357 -0.22  -0.099 -0.233]
 [ 0.144 -0.136 -0.092  0.581  0.257]
 [-0.037  0.282 -0.258  0.237  0.112]] 
----------------------------------------------------------------------------------------
   Fe1   Fe1   ( -1,  -1,  -2) -0.0531   (-0.000, -0.000, -4.028)  4.028 
J_iso: -0.0531 
Orbital contributions:
 isotropic J:
 [[ 1.132  0.     0.056  0.     0.064]
 [ 0.    -1.059  0.    -0.233 -0.   ]
 [ 0.013  0.     1.07   0.     0.002]
 [-0.    -0.233  0.    -0.5   -0.   ]
 [ 0.064 -0.     0.007 -0.    -0.519]] 
----------------------------------------------------------------------------------------
   Fe1   Fe1   (  1,   1,   2) -0.0531   ( 0.000,  0.000,  4.028)  4.028 
J_iso: -0.0531 
Orbital contributions:
 isotropic J:
 [[ 1.132  0.     0.013 -0.     0.064]
 [ 0.    -1.059  0.    -0.233 -0.   ]
 [ 0.056  0.     1.07   0.     0.007]
 [ 0.    -0.233  0.    -0.5   -0.   ]
 [ 0.064 -0.     0.002 -0.    -0.519]] 
----------------------------------------------------------------------------------------
   Fe1   Fe1   (  1,   2,   1) -0.0531   ( 0.000,  3.488,  2.014)  4.028 
J_iso: -0.0531 
Orbital contributions:
 isotropic J:
 [[-0.237 -0.068 -0.047  0.144 -0.037]
 [-0.039  0.248 -0.357 -0.136  0.282]
 [-0.051 -0.335 -0.22  -0.092 -0.258]
 [ 0.145 -0.14  -0.099  0.581  0.237]
 [-0.052  0.263 -0.233  0.257  0.112]] 
----------------------------------------------------------------------------------------
   Fe1   Fe1   (  2,   1,   1) -0.0531   ( 3.289,  1.163,  2.014)  4.028 
J_iso: -0.0531 
Orbital contributions:
 isotropic J:
 [[-0.027 -0.126 -0.023 -0.014 -0.055]
 [-0.102  0.53  -0.232 -0.088  0.656]
 [-0.025 -0.215 -0.22  -0.212 -0.284]
 [-0.014 -0.083 -0.224  0.195  0.085]
 [-0.087  0.69  -0.258  0.045 -0.045]] 
----------------------------------------------------------------------------------------
   Fe1   Fe1   ( -1,  -1,   1) -0.0872   (-2.467, -3.488,  2.014)  4.723 
J_iso: -0.0872 
Orbital contributions:
 isotropic J:
 [[ 0.112 -0.172 -0.135 -0.098 -0.045]
 [-0.285 -0.233  0.482 -0.242  0.033]
 [-0.108  0.395  0.373  0.198 -0.014]
 [-0.101 -0.242  0.241 -0.03   0.05 ]
 [-0.045  0.007 -0.017  0.09  -0.141]] 
----------------------------------------------------------------------------------------
   Fe1   Fe1   ( -1,   1,  -1) -0.0872   (-2.467,  3.488, -2.014)  4.723 
J_iso: -0.0872 
Orbital contributions:
 isotropic J:
 [[-0.061 -0.225 -0.108 -0.02   0.183]
 [-0.177  0.023  0.219  0.021  0.013]
 [-0.131  0.297 -0.096 -0.197  0.005]
 [ 0.007  0.103 -0.16  -0.042 -0.097]
 [ 0.154  0.012  0.02  -0.062  0.391]] 
----------------------------------------------------------------------------------------
   Fe1   Fe1   ( -1,   1,   1) -0.0871   (-4.111,  1.163,  2.014)  4.723 
J_iso: -0.0871 
Orbital contributions:
 isotropic J:
 [[ 0.066 -0.037  0.076 -0.049  0.039]
 [-0.039 -0.146 -0.078  0.243 -0.071]
 [ 0.048 -0.116 -0.096  0.216 -0.174]
 [-0.049  0.161  0.137 -0.153 -0.095]
 [ 0.052 -0.064 -0.163 -0.145  0.511]] 
----------------------------------------------------------------------------------------
   Fe1   Fe1   (  1,  -1,  -1) -0.0871   ( 4.111, -1.163, -2.014)  4.723 
J_iso: -0.0871 
Orbital contributions:
 isotropic J:
 [[ 0.066 -0.039  0.048 -0.049  0.052]
 [-0.037 -0.146 -0.116  0.161 -0.064]
 [ 0.076 -0.078 -0.096  0.137 -0.163]
 [-0.049  0.243  0.216 -0.153 -0.145]
 [ 0.039 -0.071 -0.174 -0.095  0.511]] 
----------------------------------------------------------------------------------------
   Fe1   Fe1   (  1,  -1,   1) -0.0872   ( 2.467, -3.488,  2.014)  4.723 
J_iso: -0.0872 
Orbital contributions:
 isotropic J:
 [[-0.061 -0.177 -0.131  0.007  0.154]
 [-0.225  0.023  0.297  0.103  0.012]
 [-0.108  0.219 -0.096 -0.16   0.02 ]
 [-0.02   0.021 -0.197 -0.042 -0.062]
 [ 0.183  0.013  0.005 -0.097  0.391]] 
----------------------------------------------------------------------------------------
   Fe1   Fe1   (  1,   1,  -1) -0.0872   ( 2.467,  3.488, -2.014)  4.723 
J_iso: -0.0872 
Orbital contributions:
 isotropic J:
 [[ 0.112 -0.285 -0.108 -0.101 -0.045]
 [-0.172 -0.233  0.395 -0.242  0.007]
 [-0.135  0.482  0.373  0.241 -0.017]
 [-0.098 -0.242  0.198 -0.03   0.09 ]
 [-0.045  0.033 -0.014  0.05  -0.141]] 
----------------------------------------------------------------------------------------
   Fe1   Fe1   (  0,  -1,  -2) -0.0628   ( 2.467, -0.000, -4.028)  4.723 
J_iso: -0.0628 
Orbital contributions:
 isotropic J:
 [[-0.137 -0.107 -0.084  0.03   0.243]
 [-0.114  0.748 -0.11   0.065 -0.005]
 [-0.076 -0.083 -0.095 -0.164  0.179]
 [ 0.005  0.069 -0.126 -0.015 -0.295]
 [ 0.199 -0.022  0.18  -0.298  0.111]] 
----------------------------------------------------------------------------------------
   Fe1   Fe1   (  0,   1,   2) -0.0628   (-2.467,  0.000,  4.028)  4.723 
J_iso: -0.0628 
Orbital contributions:
 isotropic J:
 [[-0.137 -0.114 -0.076  0.005  0.199]
 [-0.107  0.748 -0.083  0.069 -0.022]
 [-0.084 -0.11  -0.095 -0.126  0.18 ]
 [ 0.03   0.065 -0.164 -0.015 -0.298]
 [ 0.243 -0.005  0.179 -0.295  0.111]] 
----------------------------------------------------------------------------------------
   Fe1   Fe1   ( -2,  -1,   0) -0.0628   (-4.111, -2.325,  0.000)  4.723 
J_iso: -0.0628 
Orbital contributions:
 isotropic J:
 [[-0.311  0.    -0.15   0.     0.417]
 [-0.    -0.056 -0.    -0.065 -0.   ]
 [-0.163 -0.    -0.022 -0.     0.334]
 [ 0.     0.016 -0.     0.125 -0.   ]
 [ 0.605 -0.     0.222 -0.    -0.855]] 
----------------------------------------------------------------------------------------
   Fe1   Fe1   ( -2,   0,  -1) -0.0628   (-4.111,  1.163, -2.014)  4.723 
J_iso: -0.0628 
Orbital contributions:
 isotropic J:
 [[ 0.066 -0.036  0.076 -0.05   0.04 ]
 [-0.038 -0.146 -0.075  0.244 -0.071]
 [ 0.048 -0.113 -0.094  0.218 -0.169]
 [-0.049  0.162  0.138 -0.153 -0.097]
 [ 0.053 -0.064 -0.159 -0.147  0.514]] 
----------------------------------------------------------------------------------------
   Fe1   Fe1   ( -1,  -2,   0) -0.0628   (-0.822, -4.651,  0.000)  4.723 
J_iso: -0.0628 
Orbital contributions:
 isotropic J:
 [[ 0.728 -0.     0.121 -0.    -0.316]
 [-0.     0.18  -0.    -0.085  0.   ]
 [ 0.107 -0.    -0.022 -0.     0.064]
 [-0.    -0.166  0.     0.092 -0.   ]
 [-0.3   -0.    -0.049 -0.    -0.256]] 
----------------------------------------------------------------------------------------
   Fe1   Fe1   ( -1,   0,  -2) -0.0628   (-0.822,  2.325, -4.028)  4.723 
J_iso: -0.0628 
Orbital contributions:
 isotropic J:
 [[ 0.269 -0.11  -0.023 -0.017 -0.04 ]
 [-0.1    0.142 -0.031  0.072 -0.241]
 [ 0.013 -0.059 -0.095 -0.188  0.091]
 [-0.017  0.067 -0.205  0.586 -0.051]
 [-0.025 -0.22   0.119 -0.05   0.211]] 
----------------------------------------------------------------------------------------
   Fe1   Fe1   (  0,  -2,  -1) -0.0628   ( 2.467, -3.488, -2.014)  4.723 
J_iso: -0.0628 
Orbital contributions:
 isotropic J:
 [[-0.061 -0.226 -0.107 -0.02   0.183]
 [-0.178  0.024  0.222  0.022  0.011]
 [-0.131  0.3   -0.094 -0.195  0.009]
 [ 0.007  0.104 -0.159 -0.042 -0.096]
 [ 0.154  0.01   0.024 -0.061  0.396]] 
----------------------------------------------------------------------------------------
   Fe1   Fe1   (  0,   2,   1) -0.0628   (-2.467,  3.488,  2.014)  4.723 
J_iso: -0.0628 
Orbital contributions:
 isotropic J:
 [[-0.061 -0.178 -0.131  0.007  0.154]
 [-0.226  0.024  0.3    0.104  0.01 ]
 [-0.107  0.222 -0.094 -0.159  0.024]
 [-0.02   0.022 -0.195 -0.042 -0.061]
 [ 0.183  0.011  0.009 -0.096  0.396]] 
----------------------------------------------------------------------------------------
   Fe1   Fe1   (  1,   0,   2) -0.0628   ( 0.822, -2.325,  4.028)  4.723 
J_iso: -0.0628 
Orbital contributions:
 isotropic J:
 [[ 0.269 -0.1    0.013 -0.017 -0.025]
 [-0.11   0.142 -0.059  0.067 -0.22 ]
 [-0.023 -0.031 -0.095 -0.205  0.119]
 [-0.017  0.072 -0.188  0.586 -0.05 ]
 [-0.04  -0.241  0.091 -0.051  0.211]] 
----------------------------------------------------------------------------------------
   Fe1   Fe1   (  1,   2,   0) -0.0628   ( 0.822,  4.651,  0.000)  4.723 
J_iso: -0.0628 
Orbital contributions:
 isotropic J:
 [[ 0.728 -0.     0.107 -0.    -0.3  ]
 [-0.     0.18  -0.    -0.166 -0.   ]
 [ 0.121 -0.    -0.022  0.    -0.049]
 [-0.    -0.085 -0.     0.092 -0.   ]
 [-0.316  0.     0.064 -0.    -0.256]] 
----------------------------------------------------------------------------------------
   Fe1   Fe1   (  2,   0,   1) -0.0628   ( 4.111, -1.163,  2.014)  4.723 
J_iso: -0.0628 
Orbital contributions:
 isotropic J:
 [[ 0.066 -0.038  0.048 -0.049  0.053]
 [-0.036 -0.146 -0.113  0.162 -0.064]
 [ 0.076 -0.075 -0.094  0.138 -0.159]
 [-0.05   0.244  0.218 -0.153 -0.147]
 [ 0.04  -0.071 -0.169 -0.097  0.514]] 
----------------------------------------------------------------------------------------
   Fe1   Fe1   (  2,   1,   0) -0.0628   ( 4.111,  2.325,  0.000)  4.723 
J_iso: -0.0628 
Orbital contributions:
 isotropic J:
 [[-0.311 -0.    -0.163  0.     0.605]
 [ 0.    -0.056 -0.     0.016 -0.   ]
 [-0.15  -0.    -0.022 -0.     0.222]
 [ 0.    -0.065 -0.     0.125 -0.   ]
 [ 0.417 -0.     0.334 -0.    -0.855]] 
----------------------------------------------------------------------------------------
   Fe1   Fe1   ( -2,  -2,  -1) -0.0755   (-2.467, -3.488, -2.014)  4.723 
J_iso: -0.0755 
Orbital contributions:
 isotropic J:
 [[ 0.113 -0.174 -0.135 -0.099 -0.044]
 [-0.287 -0.226  0.482 -0.239  0.033]
 [-0.107  0.395  0.369  0.198 -0.013]
 [-0.102 -0.239  0.241 -0.028  0.049]
 [-0.044  0.007 -0.017  0.09  -0.137]] 
----------------------------------------------------------------------------------------
   Fe1   Fe1   ( -2,  -1,  -2) -0.0755   (-2.467, -0.000, -4.028)  4.723 
J_iso: -0.0755 
Orbital contributions:
 isotropic J:
 [[-0.138 -0.107 -0.084  0.031  0.24 ]
 [-0.113  0.746 -0.11   0.064 -0.005]
 [-0.075 -0.084 -0.091 -0.164  0.175]
 [ 0.006  0.069 -0.125 -0.015 -0.295]
 [ 0.195 -0.021  0.175 -0.298  0.108]] 
----------------------------------------------------------------------------------------
   Fe1   Fe1   ( -1,  -2,  -2) -0.0755   ( 0.822, -2.325, -4.028)  4.723 
J_iso: -0.0755 
Orbital contributions:
 isotropic J:
 [[ 0.267 -0.11  -0.024 -0.017 -0.041]
 [-0.1    0.141 -0.031  0.071 -0.239]
 [ 0.012 -0.058 -0.091 -0.19   0.088]
 [-0.017  0.066 -0.204  0.586 -0.051]
 [-0.027 -0.218  0.115 -0.05   0.207]] 
----------------------------------------------------------------------------------------
   Fe1   Fe1   (  1,   2,   2) -0.0755   (-0.822,  2.325,  4.028)  4.723 
J_iso: -0.0755 
Orbital contributions:
 isotropic J:
 [[ 0.267 -0.1    0.012 -0.017 -0.027]
 [-0.11   0.141 -0.058  0.066 -0.218]
 [-0.024 -0.031 -0.091 -0.204  0.115]
 [-0.017  0.071 -0.19   0.586 -0.05 ]
 [-0.041 -0.239  0.088 -0.051  0.207]] 
----------------------------------------------------------------------------------------
   Fe1   Fe1   (  2,   1,   2) -0.0755   ( 2.467,  0.000,  4.028)  4.723 
J_iso: -0.0755 
Orbital contributions:
 isotropic J:
 [[-0.138 -0.113 -0.075  0.006  0.195]
 [-0.107  0.746 -0.084  0.069 -0.021]
 [-0.084 -0.11  -0.091 -0.125  0.175]
 [ 0.031  0.064 -0.164 -0.015 -0.298]
 [ 0.24  -0.005  0.175 -0.295  0.108]] 
----------------------------------------------------------------------------------------
   Fe1   Fe1   (  2,   2,   1) -0.0755   ( 2.467,  3.488,  2.014)  4.723 
J_iso: -0.0755 
Orbital contributions:
 isotropic J:
 [[ 0.113 -0.287 -0.107 -0.102 -0.044]
 [-0.174 -0.226  0.395 -0.239  0.007]
 [-0.135  0.482  0.369  0.241 -0.017]
 [-0.099 -0.239  0.198 -0.028  0.09 ]
 [-0.044  0.033 -0.013  0.049 -0.137]] 
----------------------------------------------------------------------------------------
   Fe1   Fe1   ( -2,   0,   0) -0.2663   (-4.933,  0.000,  0.000)  4.933 
J_iso: -0.2663 
Orbital contributions:
 isotropic J:
 [[ 0.362 -0.    -0.035 -0.    -0.012]
 [ 0.     0.126 -0.    -0.132  0.   ]
 [-0.099 -0.     0.622  0.    -0.698]
 [-0.    -0.046 -0.     0.361  0.   ]
 [-0.033  0.    -0.698  0.     0.216]] 
----------------------------------------------------------------------------------------
   Fe1   Fe1   (  0,  -2,   0) -0.2663   ( 1.644, -4.651,  0.000)  4.933 
J_iso: -0.2663 
Orbital contributions:
 isotropic J:
 [[-0.354  0.    -0.332  0.     0.773]
 [ 0.     0.041 -0.     0.111  0.   ]
 [-0.365 -0.     0.622  0.    -0.433]
 [ 0.     0.024 -0.     0.133  0.   ]
 [ 0.778  0.    -0.401  0.    -0.665]] 
----------------------------------------------------------------------------------------
   Fe1   Fe1   (  0,   0,  -2) -0.2663   ( 1.644,  2.325, -4.028)  4.933 
J_iso: -0.2663 
Orbital contributions:
 isotropic J:
 [[ 0.144 -0.153  0.298 -0.133 -0.017]
 [-0.143 -0.191  0.05   0.076  0.018]
 [ 0.346  0.058 -0.535  0.029  0.043]
 [-0.133  0.076  0.025 -0.098  0.237]
 [-0.017  0.021  0.037  0.232 -0.337]] 
----------------------------------------------------------------------------------------
   Fe1   Fe1   (  0,   0,   2) -0.2663   (-1.644, -2.325,  4.028)  4.933 
J_iso: -0.2663 
Orbital contributions:
 isotropic J:
 [[ 0.144 -0.143  0.346 -0.133 -0.017]
 [-0.153 -0.191  0.058  0.076  0.021]
 [ 0.298  0.05  -0.535  0.025  0.037]
 [-0.133  0.076  0.029 -0.098  0.232]
 [-0.017  0.018  0.043  0.237 -0.337]] 
----------------------------------------------------------------------------------------
   Fe1   Fe1   (  0,   2,   0) -0.2663   (-1.644,  4.651,  0.000)  4.933 
J_iso: -0.2663 
Orbital contributions:
 isotropic J:
 [[-0.354  0.    -0.365  0.     0.778]
 [ 0.     0.041 -0.     0.024  0.   ]
 [-0.332 -0.     0.622 -0.    -0.401]
 [ 0.     0.111  0.     0.133  0.   ]
 [ 0.773  0.    -0.433  0.    -0.665]] 
----------------------------------------------------------------------------------------
   Fe1   Fe1   (  2,   0,   0) -0.2663   ( 4.933,  0.000,  0.000)  4.933 
J_iso: -0.2663 
Orbital contributions:
 isotropic J:
 [[ 0.362  0.    -0.099 -0.    -0.033]
 [-0.     0.126 -0.    -0.046  0.   ]
 [-0.035 -0.     0.622 -0.    -0.698]
 [-0.    -0.132  0.     0.361  0.   ]
 [-0.012  0.    -0.698  0.     0.216]] 
----------------------------------------------------------------------------------------
   Fe1   Fe1   ( -2,  -2,  -2) -0.3194   (-1.644, -2.325, -4.028)  4.933 
J_iso: -0.3194 
Orbital contributions:
 isotropic J:
 [[ 0.145 -0.154  0.296 -0.134 -0.017]
 [-0.144 -0.203  0.047  0.069  0.017]
 [ 0.343  0.054 -0.54   0.027  0.043]
 [-0.134  0.069  0.024 -0.101  0.234]
 [-0.017  0.02   0.037  0.231 -0.334]] 
----------------------------------------------------------------------------------------
   Fe1   Fe1   (  2,   2,   2) -0.3194   ( 1.644,  2.325,  4.028)  4.933 
J_iso: -0.3194 
Orbital contributions:
 isotropic J:
 [[ 0.145 -0.144  0.343 -0.134 -0.017]
 [-0.154 -0.203  0.054  0.069  0.02 ]
 [ 0.296  0.047 -0.54   0.024  0.037]
 [-0.134  0.069  0.027 -0.101  0.231]
 [-0.017  0.017  0.043  0.234 -0.334]] 
----------------------------------------------------------------------------------------
   Fe1   Fe1   (  0,  -2,  -2)  0.5829   ( 3.289, -2.325, -4.028)  5.696 
J_iso:  0.5829 
Orbital contributions:
 isotropic J:
 [[ 0.082  0.032 -0.048  0.011  0.013]
 [ 0.032  0.119  0.005  0.058 -0.002]
 [-0.048  0.005  0.069  0.01  -0.006]
 [ 0.011  0.058  0.01   0.085  0.027]
 [ 0.012 -0.002 -0.005  0.027  0.188]] 
----------------------------------------------------------------------------------------
   Fe1   Fe1   (  0,   2,   2)  0.5829   (-3.289,  2.325,  4.028)  5.696 
J_iso:  0.5829 
Orbital contributions:
 isotropic J:
 [[ 0.082  0.032 -0.048  0.011  0.012]
 [ 0.032  0.119  0.005  0.058 -0.002]
 [-0.048  0.005  0.069  0.01  -0.005]
 [ 0.011  0.058  0.01   0.085  0.027]
 [ 0.013 -0.002 -0.006  0.027  0.188]] 
----------------------------------------------------------------------------------------
   Fe1   Fe1   ( -2,  -2,   0)  0.5829   (-3.289, -4.651,  0.000)  5.696 
J_iso:  0.5829 
Orbital contributions:
 isotropic J:
 [[ 0.097  0.     0.176  0.    -0.032]
 [ 0.     0.079 -0.    -0.052 -0.   ]
 [ 0.176  0.     0.2    0.     0.022]
 [-0.    -0.052 -0.     0.092  0.   ]
 [-0.032 -0.     0.022  0.     0.048]] 
----------------------------------------------------------------------------------------
   Fe1   Fe1   ( -2,   0,  -2)  0.5829   (-3.289,  2.325, -4.028)  5.696 
J_iso:  0.5829 
Orbital contributions:
 isotropic J:
 [[ 0.083  0.031 -0.047  0.011  0.013]
 [ 0.032  0.12   0.005  0.057 -0.001]
 [-0.047  0.005  0.069  0.01  -0.006]
 [ 0.011  0.058  0.01   0.084  0.026]
 [ 0.013 -0.001 -0.006  0.027  0.186]] 
----------------------------------------------------------------------------------------
   Fe1   Fe1   (  2,   0,   2)  0.5829   ( 3.289, -2.325,  4.028)  5.696 
J_iso:  0.5829 
Orbital contributions:
 isotropic J:
 [[ 0.083  0.032 -0.047  0.011  0.013]
 [ 0.031  0.12   0.005  0.058 -0.001]
 [-0.047  0.005  0.069  0.01  -0.006]
 [ 0.011  0.057  0.01   0.084  0.027]
 [ 0.013 -0.001 -0.006  0.026  0.186]] 
----------------------------------------------------------------------------------------
   Fe1   Fe1   (  2,   2,   0)  0.5829   ( 3.289,  4.651,  0.000)  5.696 
J_iso:  0.5829 
Orbital contributions:
 isotropic J:
 [[ 0.097  0.     0.176 -0.    -0.032]
 [ 0.     0.079  0.    -0.052 -0.   ]
 [ 0.176 -0.     0.2   -0.     0.022]
 [ 0.    -0.052  0.     0.092  0.   ]
 [-0.032 -0.     0.022  0.     0.048]] 
----------------------------------------------------------------------------------------
   Fe1   Fe1   ( -1,   0,   2) -0.6528   (-4.111, -2.325,  4.028)  6.207 
J_iso: -0.6528 
Orbital contributions:
 isotropic J:
 [[-0.017 -0.111  0.     0.011  0.019]
 [-0.116 -0.482  0.051 -0.099  0.074]
 [-0.004  0.064 -0.094 -0.106  0.012]
 [ 0.011 -0.103 -0.084  0.023 -0.012]
 [ 0.012  0.068  0.006 -0.003  0.22 ]] 
----------------------------------------------------------------------------------------
   Fe1   Fe1   (  1,   0,  -2) -0.6528   ( 4.111,  2.325, -4.028)  6.207 
J_iso: -0.6528 
Orbital contributions:
 isotropic J:
 [[-0.017 -0.116 -0.004  0.011  0.012]
 [-0.111 -0.482  0.064 -0.103  0.068]
 [ 0.     0.051 -0.094 -0.084  0.006]
 [ 0.011 -0.099 -0.106  0.023 -0.003]
 [ 0.019  0.074  0.012 -0.012  0.22 ]] 
----------------------------------------------------------------------------------------
   Fe1   Fe1   ( -2,   0,   1) -0.6528   (-5.755, -1.163,  2.014)  6.207 
J_iso: -0.6528 
Orbital contributions:
 isotropic J:
 [[-0.026 -0.009 -0.009  0.027  0.023]
 [-0.003  0.148  0.043  0.046 -0.078]
 [-0.002  0.042 -0.049  0.001 -0.099]
 [ 0.027  0.043 -0.006  0.093  0.006]
 [ 0.02  -0.061 -0.092 -0.012 -0.738]] 
----------------------------------------------------------------------------------------
   Fe1   Fe1   ( -2,   1,   0) -0.6528   (-5.755,  2.325,  0.000)  6.207 
J_iso: -0.6528 
Orbital contributions:
 isotropic J:
 [[ 0.179  0.     0.079  0.    -0.016]
 [-0.    -0.044  0.     0.005  0.   ]
 [ 0.062  0.    -0.255  0.    -0.15 ]
 [-0.    -0.016  0.    -0.058 -0.   ]
 [-0.016  0.    -0.155  0.    -0.279]] 
----------------------------------------------------------------------------------------
   Fe1   Fe1   ( -1,   2,   0) -0.6528   (-4.111,  4.651,  0.000)  6.207 
J_iso: -0.6528 
Orbital contributions:
 isotropic J:
 [[ 0.053  0.    -0.167  0.    -0.087]
 [ 0.     0.008  0.    -0.058 -0.   ]
 [-0.14   0.    -0.255  0.     0.052]
 [ 0.    -0.037  0.    -0.025 -0.   ]
 [-0.118 -0.     0.092 -0.     0.02 ]] 
----------------------------------------------------------------------------------------
   Fe1   Fe1   (  0,  -2,   1) -0.6528   ( 0.822, -5.814,  2.014)  6.207 
J_iso: -0.6528 
Orbital contributions:
 isotropic J:
 [[-0.235  0.033 -0.028 -0.003 -0.088]
 [ 0.042  0.059  0.016  0.116 -0.003]
 [-0.035  0.02  -0.049  0.024 -0.065]
 [-0.007  0.118  0.022  0.036 -0.081]
 [-0.083 -0.008 -0.073 -0.077 -0.316]] 
----------------------------------------------------------------------------------------
   Fe1   Fe1   (  0,  -1,   2) -0.6528   (-0.822, -4.651,  4.028)  6.207 
J_iso: -0.6528 
Orbital contributions:
 isotropic J:
 [[ 0.007  0.014 -0.02  -0.013  0.067]
 [ 0.015 -0.099 -0.129 -0.195 -0.045]
 [-0.016 -0.148 -0.094  0.106  0.023]
 [-0.025 -0.191  0.095 -0.177  0.01 ]
 [ 0.076 -0.036  0.026  0.     0.084]] 
----------------------------------------------------------------------------------------
   Fe1   Fe1   (  0,   1,  -2) -0.6528   ( 0.822,  4.651, -4.028)  6.207 
J_iso: -0.6528 
Orbital contributions:
 isotropic J:
 [[ 0.007  0.015 -0.016 -0.025  0.076]
 [ 0.014 -0.099 -0.148 -0.191 -0.036]
 [-0.02  -0.129 -0.094  0.095  0.026]
 [-0.013 -0.195  0.106 -0.177  0.   ]
 [ 0.067 -0.045  0.023  0.01   0.084]] 
----------------------------------------------------------------------------------------
   Fe1   Fe1   (  0,   2,  -1) -0.6528   (-0.822,  5.814, -2.014)  6.207 
J_iso: -0.6528 
Orbital contributions:
 isotropic J:
 [[-0.235  0.042 -0.035 -0.007 -0.083]
 [ 0.033  0.059  0.02   0.118 -0.008]
 [-0.028  0.016 -0.049  0.022 -0.073]
 [-0.003  0.116  0.024  0.036 -0.077]
 [-0.088 -0.003 -0.065 -0.081 -0.316]] 
----------------------------------------------------------------------------------------
   Fe1   Fe1   (  1,  -2,   0) -0.6528   ( 4.111, -4.651,  0.000)  6.207 
J_iso: -0.6528 
Orbital contributions:
 isotropic J:
 [[ 0.053  0.    -0.14   0.    -0.118]
 [ 0.     0.008  0.    -0.037 -0.   ]
 [-0.167  0.    -0.255  0.     0.092]
 [ 0.    -0.058  0.    -0.025 -0.   ]
 [-0.087 -0.     0.052 -0.     0.02 ]] 
----------------------------------------------------------------------------------------
   Fe1   Fe1   (  2,  -1,   0) -0.6528   ( 5.755, -2.325,  0.000)  6.207 
J_iso: -0.6528 
Orbital contributions:
 isotropic J:
 [[ 0.179 -0.     0.062 -0.    -0.016]
 [ 0.    -0.044  0.    -0.016  0.   ]
 [ 0.079  0.    -0.255  0.    -0.155]
 [ 0.     0.005  0.    -0.058  0.   ]
 [-0.016  0.    -0.15  -0.    -0.279]] 
----------------------------------------------------------------------------------------
   Fe1   Fe1   (  2,   0,  -1) -0.6528   ( 5.755,  1.163, -2.014)  6.207 
J_iso: -0.6528 
Orbital contributions:
 isotropic J:
 [[-0.026 -0.003 -0.002  0.027  0.02 ]
 [-0.009  0.148  0.042  0.043 -0.061]
 [-0.009  0.043 -0.049 -0.006 -0.092]
 [ 0.027  0.046  0.001  0.093 -0.012]
 [ 0.023 -0.078 -0.099  0.006 -0.738]] 
----------------------------------------------------------------------------------------
   Fe1   Fe1   ( -1,  -1,  -3) -0.6650   ( 0.822,  1.163, -6.042)  6.207 
J_iso: -0.6650 
Orbital contributions:
 isotropic J:
 [[-0.028  0.042 -0.042 -0.04  -0.016]
 [ 0.045 -0.153 -0.078  0.01  -0.034]
 [-0.049 -0.065 -0.044 -0.032 -0.006]
 [-0.024  0.01  -0.039 -0.117  0.018]
 [-0.016 -0.046 -0.005  0.027  0.007]] 
----------------------------------------------------------------------------------------
   Fe1   Fe1   (  1,   1,   3) -0.6650   (-0.822, -1.163,  6.042)  6.207 
J_iso: -0.6650 
Orbital contributions:
 isotropic J:
 [[-0.028  0.045 -0.049 -0.024 -0.016]
 [ 0.042 -0.153 -0.065  0.01  -0.046]
 [-0.042 -0.078 -0.044 -0.039 -0.005]
 [-0.04   0.01  -0.032 -0.117  0.027]
 [-0.016 -0.034 -0.006  0.018  0.007]] 
----------------------------------------------------------------------------------------
   Fe1   Fe1   ( -3,  -1,  -1) -0.6650   (-5.755, -1.163, -2.014)  6.207 
J_iso: -0.6650 
Orbital contributions:
 isotropic J:
 [[-0.026 -0.009 -0.01   0.027  0.022]
 [-0.003  0.149  0.044  0.046 -0.079]
 [-0.002  0.043 -0.049  0.001 -0.103]
 [ 0.027  0.043 -0.006  0.093  0.006]
 [ 0.019 -0.061 -0.097 -0.012 -0.738]] 
----------------------------------------------------------------------------------------
   Fe1   Fe1   ( -1,  -3,  -1) -0.6650   ( 0.822, -5.814, -2.014)  6.207 
J_iso: -0.6650 
Orbital contributions:
 isotropic J:
 [[-0.236  0.033 -0.029 -0.003 -0.089]
 [ 0.041  0.059  0.016  0.116 -0.002]
 [-0.036  0.02  -0.049  0.025 -0.07 ]
 [-0.007  0.119  0.022  0.037 -0.081]
 [-0.085 -0.008 -0.078 -0.077 -0.312]] 
----------------------------------------------------------------------------------------
   Fe1   Fe1   (  1,   3,   1) -0.6650   (-0.822,  5.814,  2.014)  6.207 
J_iso: -0.6650 
Orbital contributions:
 isotropic J:
 [[-0.236  0.041 -0.036 -0.007 -0.085]
 [ 0.033  0.059  0.02   0.119 -0.008]
 [-0.029  0.016 -0.049  0.022 -0.078]
 [-0.003  0.116  0.025  0.037 -0.077]
 [-0.089 -0.002 -0.07  -0.081 -0.312]] 
----------------------------------------------------------------------------------------
   Fe1   Fe1   (  3,   1,   1) -0.6650   ( 5.755,  1.163,  2.014)  6.207 
J_iso: -0.6650 
Orbital contributions:
 isotropic J:
 [[-0.026 -0.003 -0.002  0.027  0.019]
 [-0.009  0.149  0.043  0.043 -0.061]
 [-0.01   0.044 -0.049 -0.006 -0.097]
 [ 0.027  0.046  0.001  0.093 -0.012]
 [ 0.022 -0.079 -0.103  0.006 -0.738]] 
----------------------------------------------------------------------------------------
   Fe1   Fe1   ( -3,  -2,  -2) -0.6803   (-4.111, -2.325, -4.028)  6.207 
J_iso: -0.6803 
Orbital contributions:
 isotropic J:
 [[-0.016 -0.112  0.     0.01   0.018]
 [-0.118 -0.486  0.044 -0.1    0.073]
 [-0.005  0.057 -0.094 -0.108  0.012]
 [ 0.01  -0.103 -0.087  0.023 -0.012]
 [ 0.012  0.068  0.007 -0.002  0.217]] 
----------------------------------------------------------------------------------------
   Fe1   Fe1   ( -2,  -2,  -3) -0.6803   (-0.822, -1.163, -6.042)  6.207 
J_iso: -0.6803 
Orbital contributions:
 isotropic J:
 [[-0.028  0.04  -0.041 -0.041 -0.016]
 [ 0.042 -0.155 -0.08   0.009 -0.035]
 [-0.047 -0.067 -0.043 -0.033 -0.006]
 [-0.025  0.009 -0.04  -0.117  0.018]
 [-0.016 -0.046 -0.005  0.027  0.006]] 
----------------------------------------------------------------------------------------
   Fe1   Fe1   (  2,   2,   3) -0.6803   ( 0.822,  1.163,  6.042)  6.207 
J_iso: -0.6803 
Orbital contributions:
 isotropic J:
 [[-0.028  0.042 -0.047 -0.025 -0.016]
 [ 0.04  -0.155 -0.067  0.009 -0.046]
 [-0.041 -0.08  -0.043 -0.04  -0.005]
 [-0.041  0.009 -0.033 -0.117  0.027]
 [-0.016 -0.035 -0.006  0.018  0.006]] 
----------------------------------------------------------------------------------------
   Fe1   Fe1   (  3,   2,   2) -0.6803   ( 4.111,  2.325,  4.028)  6.207 
J_iso: -0.6803 
Orbital contributions:
 isotropic J:
 [[-0.016 -0.118 -0.005  0.01   0.012]
 [-0.112 -0.486  0.057 -0.103  0.068]
 [ 0.     0.044 -0.094 -0.087  0.007]
 [ 0.01  -0.1   -0.108  0.023 -0.002]
 [ 0.018  0.073  0.012 -0.012  0.217]] 
----------------------------------------------------------------------------------------
   Fe1   Fe1   ( -2,  -3,  -2) -0.6803   (-0.822, -4.651, -4.028)  6.207 
J_iso: -0.6803 
Orbital contributions:
 isotropic J:
 [[ 0.007  0.013 -0.02  -0.014  0.068]
 [ 0.015 -0.099 -0.134 -0.196 -0.045]
 [-0.016 -0.153 -0.094  0.102  0.024]
 [-0.026 -0.193  0.092 -0.178  0.01 ]
 [ 0.077 -0.036  0.027  0.     0.08 ]] 
----------------------------------------------------------------------------------------
   Fe1   Fe1   (  2,   3,   2) -0.6803   ( 0.822,  4.651,  4.028)  6.207 
J_iso: -0.6803 
Orbital contributions:
 isotropic J:
 [[ 0.007  0.015 -0.016 -0.026  0.077]
 [ 0.013 -0.099 -0.153 -0.193 -0.036]
 [-0.02  -0.134 -0.094  0.092  0.027]
 [-0.014 -0.196  0.102 -0.178  0.   ]
 [ 0.068 -0.045  0.024  0.01   0.08 ]] 
----------------------------------------------------------------------------------------
   Fe1   Fe1   ( -2,  -1,   1)  0.9052   (-4.933, -3.488,  2.014)  6.369 
J_iso:  0.9052 
Orbital contributions:
 isotropic J:
 [[ 0.005 -0.002  0.094  0.001  0.073]
 [ 0.     0.088 -0.006  0.013  0.024]
 [ 0.094 -0.004  0.407  0.013  0.009]
 [ 0.002  0.011  0.013 -0.029 -0.014]
 [ 0.072  0.022  0.011 -0.013 -0.001]] 
----------------------------------------------------------------------------------------
   Fe1   Fe1   ( -2,   1,  -1)  0.9052   (-4.933,  3.488, -2.014)  6.369 
J_iso:  0.9052 
Orbital contributions:
 isotropic J:
 [[-0.007  0.042  0.004 -0.008 -0.003]
 [ 0.042 -0.007  0.008 -0.006  0.184]
 [ 0.01   0.008  0.169  0.017  0.002]
 [-0.009 -0.006  0.017  0.004  0.12 ]
 [-0.003  0.185  0.001  0.119 -0.002]] 
----------------------------------------------------------------------------------------
   Fe1   Fe1   (  2,  -1,   1)  0.9052   ( 4.933, -3.488,  2.014)  6.369 
J_iso:  0.9052 
Orbital contributions:
 isotropic J:
 [[-0.007  0.042  0.01  -0.009 -0.003]
 [ 0.042 -0.007  0.008 -0.006  0.185]
 [ 0.004  0.008  0.169  0.017  0.001]
 [-0.008 -0.006  0.017  0.004  0.119]
 [-0.003  0.184  0.002  0.12  -0.002]] 
----------------------------------------------------------------------------------------
   Fe1   Fe1   (  2,   1,  -1)  0.9052   ( 4.933,  3.488, -2.014)  6.369 
J_iso:  0.9052 
Orbital contributions:
 isotropic J:
 [[ 0.005  0.     0.094  0.002  0.072]
 [-0.002  0.088 -0.004  0.011  0.022]
 [ 0.094 -0.006  0.407  0.013  0.011]
 [ 0.001  0.013  0.013 -0.029 -0.013]
 [ 0.073  0.024  0.009 -0.014 -0.001]] 
----------------------------------------------------------------------------------------
   Fe1   Fe1   ( -1,   1,  -2)  0.9052   (-1.644,  4.651, -4.028)  6.369 
J_iso:  0.9052 
Orbital contributions:
 isotropic J:
 [[-0.024  0.097 -0.02   0.068 -0.021]
 [ 0.084  0.019 -0.022  0.006  0.192]
 [-0.019 -0.029 -0.011 -0.021  0.065]
 [ 0.067  0.002 -0.018 -0.01   0.116]
 [-0.009  0.194  0.056  0.11   0.014]] 
----------------------------------------------------------------------------------------
   Fe1   Fe1   ( -1,   1,   2)  0.9052   (-4.933,  0.000,  4.028)  6.369 
J_iso:  0.9052 
Orbital contributions:
 isotropic J:
 [[-0.016  0.027  0.031 -0.006 -0.007]
 [ 0.024  0.001 -0.031  0.001  0.314]
 [ 0.032 -0.037 -0.011 -0.013  0.014]
 [-0.006  0.006 -0.01   0.008  0.126]
 [-0.003  0.31   0.004  0.138 -0.016]] 
----------------------------------------------------------------------------------------
   Fe1   Fe1   ( -1,   2,   1)  0.9052   (-4.933,  3.488,  2.014)  6.369 
J_iso:  0.9052 
Orbital contributions:
 isotropic J:
 [[-0.006  0.042  0.005 -0.008 -0.002]
 [ 0.043 -0.007  0.009 -0.006  0.184]
 [ 0.01   0.009  0.169  0.017  0.001]
