==========================================================================================
Information: 
Exchange parameters generated by TB2J 0.9.0.1
Generation time: 25/05/09 11:32:01
Calculated with TB2J.==========================================================================================
Cell (Angstrom):
2.46654077  0.00000000  0.00000000
-0.82218026  2.32547694  0.00000000
-0.82218026  -1.16273847  2.01392211

==========================================================================================
Atoms:  
(Note: charge and magmoms only count the wannier functions.)
Atom number        x             y             z       w_charge  w_magmom 
Fe1             0.00000000    0.00000000    0.00000000   16.0000    2.3207
Total                                                    16.0000    2.3207

==========================================================================================
Orbitals used in decomposition: 
The name of the orbitals for the decomposition: 
Fe1 : ('3dxy', '3dyz', '3dz2', '3dxz', '3dx2-y2')

==========================================================================================
Exchange: 
    i      j          R        J_iso(meV)          vector          distance(A) 
----------------------------------------------------------------------------------------
   Fe1   Fe1   ( -1,   0,   0) 18.8686   (-2.467,  0.000,  0.000)  2.467 
J_iso: 18.8686 
Orbital contributions:
 isotropic J:
 [[11.475 -0.     0.298 -0.     0.097]
 [-0.     3.736 -0.    -0.212  0.   ]
 [-0.161 -0.     3.216 -0.    -3.103]
 [-0.     0.399 -0.    11.47  -0.   ]
 [-0.054  0.    -3.103  0.    -4.038]] 
----------------------------------------------------------------------------------------
   Fe1   Fe1   (  0,  -1,   0) 18.8686   ( 0.822, -2.325,  0.000)  2.467 
J_iso: 18.8686 
Orbital contributions:
 isotropic J:
 [[ 0.843  0.    -0.735 -0.     4.717]
 [-0.     5.648 -0.     4.674  0.   ]
 [-0.604 -0.     3.216 -0.    -2.659]
 [-0.     4.064 -0.     1.008 -0.   ]
 [ 4.38  -0.    -2.07   0.    -2.46 ]] 
----------------------------------------------------------------------------------------
   Fe1   Fe1   (  0,   0,  -1) 18.8686   ( 0.822,  1.163, -2.014)  2.467 
J_iso: 18.8686 
Orbital contributions:
 isotropic J:
 [[ 0.13  -0.736  4.864  0.836 -0.091]
 [-0.458 -2.698 -1.246  2.152  2.011]
 [ 4.993 -1.037  0.985 -0.518  0.624]
 [ 0.837  2.152 -0.623  0.049  2.479]
 [-0.091  2.079  0.608  2.373  0.347]] 
----------------------------------------------------------------------------------------
   Fe1   Fe1   (  0,   0,   1) 18.8686   (-0.822, -1.163,  2.014)  2.467 
J_iso: 18.8686 
Orbital contributions:
 isotropic J:
 [[ 0.13  -0.458  4.993  0.837 -0.091]
 [-0.736 -2.698 -1.037  2.152  2.079]
 [ 4.864 -1.246  0.985 -0.623  0.608]
 [ 0.836  2.152 -0.518  0.049  2.373]
 [-0.091  2.011  0.624  2.479  0.347]] 
----------------------------------------------------------------------------------------
   Fe1   Fe1   (  0,   1,   0) 18.8686   (-0.822,  2.325,  0.000)  2.467 
J_iso: 18.8686 
Orbital contributions:
 isotropic J:
 [[ 0.843 -0.    -0.604 -0.     4.38 ]
 [ 0.     5.648 -0.     4.064 -0.   ]
 [-0.735 -0.     3.216 -0.    -2.07 ]
 [-0.     4.674 -0.     1.008  0.   ]
 [ 4.717  0.    -2.659 -0.    -2.46 ]] 
----------------------------------------------------------------------------------------
   Fe1   Fe1   (  1,   0,   0) 18.8686   ( 2.467,  0.000,  0.000)  2.467 
J_iso: 18.8686 
Orbital contributions:
 isotropic J:
 [[11.475 -0.    -0.161 -0.    -0.054]
 [-0.     3.736 -0.     0.399  0.   ]
 [ 0.298 -0.     3.216 -0.    -3.103]
 [-0.    -0.212 -0.    11.47   0.   ]
 [ 0.097  0.    -3.103 -0.    -4.038]] 
----------------------------------------------------------------------------------------
   Fe1   Fe1   ( -1,  -1,  -1) 18.8686   (-0.822, -1.163, -2.014)  2.467 
J_iso: 18.8686 
Orbital contributions:
 isotropic J:
 [[ 0.128 -0.727  4.862  0.842 -0.092]
 [-0.451 -2.678 -1.224  2.158  2.013]
 [ 4.994 -1.017  0.995 -0.508  0.624]
 [ 0.842  2.158 -0.612  0.056  2.477]
 [-0.092  2.083  0.608  2.375  0.338]] 
----------------------------------------------------------------------------------------
   Fe1   Fe1   (  1,   1,   1) 18.8686   ( 0.822,  1.163,  2.014)  2.467 
J_iso: 18.8686 
Orbital contributions:
 isotropic J:
 [[ 0.128 -0.451  4.994  0.842 -0.092]
 [-0.727 -2.678 -1.017  2.158  2.083]
 [ 4.862 -1.224  0.995 -0.612  0.608]
 [ 0.842  2.158 -0.508  0.056  2.375]
 [-0.092  2.013  0.624  2.477  0.338]] 
----------------------------------------------------------------------------------------
   Fe1   Fe1   (  0,  -1,  -1) 12.4484   ( 1.644, -1.163, -2.014)  2.848 
J_iso: 12.4484 
Orbital contributions:
 isotropic J:
 [[ 0.167 -0.088  1.752 -0.576  0.401]
 [-0.088  0.292 -0.082  2.322 -0.257]
 [ 1.753 -0.082  2.548 -0.163  0.219]
 [-0.576  2.323 -0.163 -0.587  0.041]
 [ 0.4   -0.257  0.22   0.041  2.746]] 
----------------------------------------------------------------------------------------
   Fe1   Fe1   (  0,   1,   1) 12.4484   (-1.644,  1.163,  2.014)  2.848 
J_iso: 12.4484 
Orbital contributions:
 isotropic J:
 [[ 0.167 -0.088  1.753 -0.576  0.4  ]
 [-0.088  0.292 -0.082  2.323 -0.257]
 [ 1.752 -0.082  2.548 -0.163  0.22 ]
 [-0.576  2.322 -0.163 -0.587  0.041]
 [ 0.401 -0.257  0.219  0.041  2.746]] 
----------------------------------------------------------------------------------------
   Fe1   Fe1   ( -1,  -1,   0) 12.4484   (-1.644, -2.325,  0.000)  2.848 
J_iso: 12.4484 
Orbital contributions:
 isotropic J:
 [[-1.541  0.     1.635  0.     0.641]
 [-0.     1.83   0.     1.989  0.   ]
 [ 1.634  0.    -1.125  0.     0.204]
 [ 0.     1.989  0.    -0.032 -0.   ]
 [ 0.641  0.     0.204  0.     4.238]] 
----------------------------------------------------------------------------------------
   Fe1   Fe1   ( -1,   0,  -1) 12.4484   (-1.644,  1.163, -2.014)  2.848 
J_iso: 12.4484 
Orbital contributions:
 isotropic J:
 [[ 0.168 -0.088  1.754 -0.577  0.399]
 [-0.089  0.29  -0.081  2.324 -0.254]
 [ 1.753 -0.081  2.548 -0.163  0.219]
 [-0.577  2.324 -0.163 -0.587  0.039]
 [ 0.4   -0.254  0.218  0.039  2.747]] 
----------------------------------------------------------------------------------------
   Fe1   Fe1   (  1,   0,   1) 12.4484   ( 1.644, -1.163,  2.014)  2.848 
J_iso: 12.4484 
Orbital contributions:
 isotropic J:
 [[ 0.168 -0.089  1.753 -0.577  0.4  ]
 [-0.088  0.29  -0.081  2.324 -0.254]
 [ 1.754 -0.081  2.548 -0.163  0.218]
 [-0.577  2.324 -0.163 -0.587  0.039]
 [ 0.399 -0.254  0.219  0.039  2.747]] 
----------------------------------------------------------------------------------------
   Fe1   Fe1   (  1,   1,   0) 12.4484   ( 1.644,  2.325,  0.000)  2.848 
J_iso: 12.4484 
Orbital contributions:
 isotropic J:
 [[-1.541 -0.     1.634  0.     0.641]
 [ 0.     1.83   0.     1.989  0.   ]
 [ 1.635  0.    -1.125  0.     0.204]
 [ 0.     1.989  0.    -0.032  0.   ]
 [ 0.641  0.     0.204 -0.     4.238]] 
----------------------------------------------------------------------------------------
   Fe1   Fe1   ( -1,   0,   1) -0.0643   (-3.289, -1.163,  2.014)  4.028 
J_iso: -0.0643 
Orbital contributions:
 isotropic J:
 [[-0.027 -0.103 -0.025 -0.014 -0.087]
 [-0.126  0.527 -0.215 -0.083  0.691]
 [-0.023 -0.233 -0.223 -0.225 -0.258]
 [-0.014 -0.088 -0.213  0.194  0.044]
 [-0.055  0.658 -0.287  0.084 -0.051]] 
----------------------------------------------------------------------------------------
   Fe1   Fe1   ( -1,   1,   0) -0.0643   (-3.289,  2.325,  0.000)  4.028 
J_iso: -0.0643 
Orbital contributions:
 isotropic J:
 [[ 0.29  -0.    -0.021 -0.    -0.256]
 [ 0.    -0.322  0.    -0.194  0.   ]
 [ 0.022 -0.     2.305 -0.     0.003]
 [-0.    -0.194  0.    -0.152  0.   ]
 [-0.256 -0.    -0.003 -0.    -1.373]] 
----------------------------------------------------------------------------------------
   Fe1   Fe1   (  0,  -1,   1) -0.0643   ( 0.000, -3.488,  2.014)  4.028 
J_iso: -0.0643 
Orbital contributions:
 isotropic J:
 [[-0.24  -0.039 -0.052  0.145 -0.055]
 [-0.068  0.248 -0.336 -0.141  0.261]
 [-0.047 -0.359 -0.223 -0.099 -0.234]
 [ 0.145 -0.136 -0.091  0.579  0.257]
 [-0.041  0.282 -0.26   0.238  0.116]] 
----------------------------------------------------------------------------------------
   Fe1   Fe1   (  0,   1,  -1) -0.0643   ( 0.000,  3.488, -2.014)  4.028 
J_iso: -0.0643 
Orbital contributions:
 isotropic J:
 [[-0.24  -0.068 -0.047  0.145 -0.041]
 [-0.039  0.248 -0.359 -0.136  0.282]
 [-0.052 -0.336 -0.223 -0.091 -0.26 ]
 [ 0.145 -0.141 -0.099  0.579  0.238]
 [-0.055  0.261 -0.234  0.257  0.116]] 
----------------------------------------------------------------------------------------
   Fe1   Fe1   (  1,  -1,   0) -0.0643   ( 3.289, -2.325,  0.000)  4.028 
J_iso: -0.0643 
Orbital contributions:
 isotropic J:
 [[ 0.29   0.     0.022 -0.    -0.256]
 [-0.    -0.322 -0.    -0.194 -0.   ]
 [-0.021  0.     2.305  0.    -0.003]
 [-0.    -0.194 -0.    -0.152 -0.   ]
 [-0.256  0.     0.003  0.    -1.373]] 
----------------------------------------------------------------------------------------
   Fe1   Fe1   (  1,   0,  -1) -0.0643   ( 3.289,  1.163, -2.014)  4.028 
J_iso: -0.0643 
Orbital contributions:
 isotropic J:
 [[-0.027 -0.126 -0.023 -0.014 -0.055]
 [-0.103  0.527 -0.233 -0.088  0.658]
 [-0.025 -0.215 -0.223 -0.213 -0.287]
 [-0.014 -0.083 -0.225  0.194  0.084]
 [-0.087  0.691 -0.258  0.044 -0.051]] 
----------------------------------------------------------------------------------------
   Fe1   Fe1   ( -2,  -1,  -1) -0.0643   (-3.289, -1.163, -2.014)  4.028 
J_iso: -0.0643 
Orbital contributions:
 isotropic J:
 [[-0.027 -0.102 -0.025 -0.014 -0.087]
 [-0.126  0.529 -0.216 -0.083  0.689]
 [-0.023 -0.232 -0.22  -0.224 -0.258]
 [-0.014 -0.088 -0.212  0.194  0.045]
 [-0.055  0.655 -0.285  0.084 -0.046]] 
----------------------------------------------------------------------------------------
   Fe1   Fe1   ( -1,  -2,  -1) -0.0643   (-0.000, -3.488, -2.014)  4.028 
J_iso: -0.0643 
Orbital contributions:
 isotropic J:
 [[-0.237 -0.039 -0.051  0.144 -0.052]
 [-0.069  0.247 -0.336 -0.14   0.262]
 [-0.047 -0.357 -0.22  -0.099 -0.234]
 [ 0.144 -0.136 -0.092  0.58   0.257]
 [-0.037  0.282 -0.259  0.237  0.111]] 
----------------------------------------------------------------------------------------
   Fe1   Fe1   ( -1,  -1,  -2) -0.0643   (-0.000, -0.000, -4.028)  4.028 
J_iso: -0.0643 
Orbital contributions:
 isotropic J:
 [[ 1.131  0.     0.056  0.     0.064]
 [ 0.    -1.059  0.    -0.233 -0.   ]
 [ 0.013  0.     1.067  0.     0.002]
 [-0.    -0.233  0.    -0.5   -0.   ]
 [ 0.064 -0.     0.007 -0.    -0.52 ]] 
----------------------------------------------------------------------------------------
   Fe1   Fe1   (  1,   1,   2) -0.0643   ( 0.000,  0.000,  4.028)  4.028 
J_iso: -0.0643 
Orbital contributions:
 isotropic J:
 [[ 1.131  0.     0.013 -0.     0.064]
 [ 0.    -1.059  0.    -0.233 -0.   ]
 [ 0.056  0.     1.067  0.     0.007]
 [ 0.    -0.233  0.    -0.5   -0.   ]
 [ 0.064 -0.     0.002 -0.    -0.52 ]] 
----------------------------------------------------------------------------------------
   Fe1   Fe1   (  1,   2,   1) -0.0643   ( 0.000,  3.488,  2.014)  4.028 
J_iso: -0.0643 
Orbital contributions:
 isotropic J:
 [[-0.237 -0.069 -0.047  0.144 -0.037]
 [-0.039  0.247 -0.357 -0.136  0.282]
 [-0.051 -0.336 -0.22  -0.092 -0.259]
 [ 0.144 -0.14  -0.099  0.58   0.237]
 [-0.052  0.262 -0.234  0.257  0.111]] 
----------------------------------------------------------------------------------------
   Fe1   Fe1   (  2,   1,   1) -0.0643   ( 3.289,  1.163,  2.014)  4.028 
J_iso: -0.0643 
Orbital contributions:
 isotropic J:
 [[-0.027 -0.126 -0.023 -0.014 -0.055]
 [-0.102  0.529 -0.232 -0.088  0.655]
 [-0.025 -0.216 -0.22  -0.212 -0.285]
 [-0.014 -0.083 -0.224  0.194  0.084]
 [-0.087  0.689 -0.258  0.045 -0.046]] 
----------------------------------------------------------------------------------------
   Fe1   Fe1   ( -1,  -1,   1) -0.0742   (-2.467, -3.488,  2.014)  4.723 
J_iso: -0.0742 
Orbital contributions:
 isotropic J:
 [[ 0.112 -0.172 -0.136 -0.098 -0.045]
 [-0.285 -0.233  0.482 -0.242  0.033]
 [-0.109  0.395  0.37   0.198 -0.014]
 [-0.101 -0.242  0.241 -0.03   0.05 ]
 [-0.045  0.007 -0.017  0.09  -0.139]] 
----------------------------------------------------------------------------------------
   Fe1   Fe1   ( -1,   1,  -1) -0.0742   (-2.467,  3.488, -2.014)  4.723 
J_iso: -0.0742 
Orbital contributions:
 isotropic J:
 [[-0.061 -0.226 -0.108 -0.02   0.183]
 [-0.178  0.023  0.219  0.021  0.012]
 [-0.131  0.297 -0.096 -0.196  0.006]
 [ 0.007  0.103 -0.16  -0.042 -0.097]
 [ 0.154  0.012  0.021 -0.062  0.39 ]] 
----------------------------------------------------------------------------------------
   Fe1   Fe1   ( -1,   1,   1) -0.0742   (-4.111,  1.163,  2.014)  4.723 
J_iso: -0.0742 
Orbital contributions:
 isotropic J:
 [[ 0.066 -0.037  0.076 -0.049  0.039]
 [-0.039 -0.146 -0.078  0.243 -0.071]
 [ 0.048 -0.116 -0.096  0.216 -0.173]
 [-0.049  0.161  0.137 -0.153 -0.096]
 [ 0.051 -0.064 -0.163 -0.146  0.511]] 
----------------------------------------------------------------------------------------
   Fe1   Fe1   (  1,  -1,  -1) -0.0742   ( 4.111, -1.163, -2.014)  4.723 
J_iso: -0.0742 
Orbital contributions:
 isotropic J:
 [[ 0.066 -0.039  0.048 -0.049  0.051]
 [-0.037 -0.146 -0.116  0.161 -0.064]
 [ 0.076 -0.078 -0.096  0.137 -0.163]
 [-0.049  0.243  0.216 -0.153 -0.146]
 [ 0.039 -0.071 -0.173 -0.096  0.511]] 
----------------------------------------------------------------------------------------
   Fe1   Fe1   (  1,  -1,   1) -0.0742   ( 2.467, -3.488,  2.014)  4.723 
J_iso: -0.0742 
Orbital contributions:
 isotropic J:
 [[-0.061 -0.178 -0.131  0.007  0.154]
 [-0.226  0.023  0.297  0.103  0.012]
 [-0.108  0.219 -0.096 -0.16   0.021]
 [-0.02   0.021 -0.196 -0.042 -0.062]
 [ 0.183  0.012  0.006 -0.097  0.39 ]] 
----------------------------------------------------------------------------------------
   Fe1   Fe1   (  1,   1,  -1) -0.0742   ( 2.467,  3.488, -2.014)  4.723 
J_iso: -0.0742 
Orbital contributions:
 isotropic J:
 [[ 0.112 -0.285 -0.109 -0.101 -0.045]
 [-0.172 -0.233  0.395 -0.242  0.007]
 [-0.136  0.482  0.37   0.241 -0.017]
 [-0.098 -0.242  0.198 -0.03   0.09 ]
 [-0.045  0.033 -0.014  0.05  -0.139]] 
----------------------------------------------------------------------------------------
   Fe1   Fe1   (  0,  -1,  -2) -0.0742   ( 2.467, -0.000, -4.028)  4.723 
J_iso: -0.0742 
Orbital contributions:
 isotropic J:
 [[-0.137 -0.107 -0.085  0.03   0.243]
 [-0.114  0.747 -0.109  0.065 -0.005]
 [-0.076 -0.082 -0.095 -0.165  0.179]
 [ 0.005  0.069 -0.126 -0.015 -0.296]
 [ 0.199 -0.022  0.18  -0.299  0.111]] 
----------------------------------------------------------------------------------------
   Fe1   Fe1   (  0,   1,   2) -0.0742   (-2.467,  0.000,  4.028)  4.723 
J_iso: -0.0742 
Orbital contributions:
 isotropic J:
 [[-0.137 -0.114 -0.076  0.005  0.199]
 [-0.107  0.747 -0.082  0.069 -0.022]
 [-0.085 -0.109 -0.095 -0.126  0.18 ]
 [ 0.03   0.065 -0.165 -0.015 -0.299]
 [ 0.243 -0.005  0.179 -0.296  0.111]] 
----------------------------------------------------------------------------------------
   Fe1   Fe1   ( -2,  -1,   0) -0.0742   (-4.111, -2.325,  0.000)  4.723 
J_iso: -0.0742 
Orbital contributions:
 isotropic J:
 [[-0.311  0.    -0.151  0.     0.416]
 [-0.    -0.056 -0.    -0.064 -0.   ]
 [-0.163 -0.    -0.024 -0.     0.333]
 [ 0.     0.017 -0.     0.126 -0.   ]
 [ 0.603 -0.     0.222 -0.    -0.854]] 
----------------------------------------------------------------------------------------
   Fe1   Fe1   ( -2,   0,  -1) -0.0742   (-4.111,  1.163, -2.014)  4.723 
J_iso: -0.0742 
Orbital contributions:
 isotropic J:
 [[ 0.066 -0.036  0.077 -0.05   0.04 ]
 [-0.038 -0.146 -0.075  0.244 -0.072]
 [ 0.049 -0.112 -0.094  0.217 -0.169]
 [-0.049  0.162  0.138 -0.153 -0.098]
 [ 0.052 -0.065 -0.159 -0.148  0.514]] 
----------------------------------------------------------------------------------------
   Fe1   Fe1   ( -1,  -2,   0) -0.0742   (-0.822, -4.651,  0.000)  4.723 
J_iso: -0.0742 
Orbital contributions:
 isotropic J:
 [[ 0.728 -0.     0.12  -0.    -0.315]
 [-0.     0.182 -0.    -0.085  0.   ]
 [ 0.106  0.    -0.024 -0.     0.064]
 [-0.    -0.166  0.     0.092 -0.   ]
 [-0.299 -0.    -0.049 -0.    -0.259]] 
----------------------------------------------------------------------------------------
   Fe1   Fe1   ( -1,   0,  -2) -0.0742   (-0.822,  2.325, -4.028)  4.723 
J_iso: -0.0742 
Orbital contributions:
 isotropic J:
 [[ 0.269 -0.11  -0.023 -0.017 -0.04 ]
 [-0.099  0.142 -0.031  0.071 -0.242]
 [ 0.013 -0.059 -0.095 -0.188  0.09 ]
 [-0.017  0.067 -0.205  0.586 -0.051]
 [-0.025 -0.221  0.118 -0.05   0.211]] 
----------------------------------------------------------------------------------------
   Fe1   Fe1   (  0,  -2,  -1) -0.0742   ( 2.467, -3.488, -2.014)  4.723 
J_iso: -0.0742 
Orbital contributions:
 isotropic J:
 [[-0.062 -0.227 -0.107 -0.02   0.184]
 [-0.179  0.025  0.222  0.022  0.01 ]
 [-0.131  0.3   -0.094 -0.195  0.011]
 [ 0.007  0.104 -0.158 -0.043 -0.096]
 [ 0.155  0.009  0.025 -0.061  0.395]] 
----------------------------------------------------------------------------------------
   Fe1   Fe1   (  0,   2,   1) -0.0742   (-2.467,  3.488,  2.014)  4.723 
J_iso: -0.0742 
Orbital contributions:
 isotropic J:
 [[-0.062 -0.179 -0.131  0.007  0.155]
 [-0.227  0.025  0.3    0.104  0.009]
 [-0.107  0.222 -0.094 -0.158  0.025]
 [-0.02   0.022 -0.195 -0.043 -0.061]
 [ 0.184  0.01   0.011 -0.096  0.395]] 
----------------------------------------------------------------------------------------
   Fe1   Fe1   (  1,   0,   2) -0.0742   ( 0.822, -2.325,  4.028)  4.723 
J_iso: -0.0742 
Orbital contributions:
 isotropic J:
 [[ 0.269 -0.099  0.013 -0.017 -0.025]
 [-0.11   0.142 -0.059  0.067 -0.221]
 [-0.023 -0.031 -0.095 -0.205  0.118]
 [-0.017  0.071 -0.188  0.586 -0.05 ]
 [-0.04  -0.242  0.09  -0.051  0.211]] 
----------------------------------------------------------------------------------------
   Fe1   Fe1   (  1,   2,   0) -0.0742   ( 0.822,  4.651,  0.000)  4.723 
J_iso: -0.0742 
Orbital contributions:
 isotropic J:
 [[ 0.728 -0.     0.106 -0.    -0.299]
 [-0.     0.182  0.    -0.166 -0.   ]
 [ 0.12  -0.    -0.024  0.    -0.049]
 [-0.    -0.085 -0.     0.092 -0.   ]
 [-0.315  0.     0.064 -0.    -0.259]] 
----------------------------------------------------------------------------------------
   Fe1   Fe1   (  2,   0,   1) -0.0742   ( 4.111, -1.163,  2.014)  4.723 
J_iso: -0.0742 
Orbital contributions:
 isotropic J:
 [[ 0.066 -0.038  0.049 -0.049  0.052]
 [-0.036 -0.146 -0.112  0.162 -0.065]
 [ 0.077 -0.075 -0.094  0.138 -0.159]
 [-0.05   0.244  0.217 -0.153 -0.148]
 [ 0.04  -0.072 -0.169 -0.098  0.514]] 
----------------------------------------------------------------------------------------
   Fe1   Fe1   (  2,   1,   0) -0.0742   ( 4.111,  2.325,  0.000)  4.723 
J_iso: -0.0742 
Orbital contributions:
 isotropic J:
 [[-0.311 -0.    -0.163  0.     0.603]
 [ 0.    -0.056 -0.     0.017 -0.   ]
 [-0.151 -0.    -0.024 -0.     0.222]
 [ 0.    -0.064 -0.     0.126 -0.   ]
 [ 0.416 -0.     0.333 -0.    -0.854]] 
----------------------------------------------------------------------------------------
   Fe1   Fe1   ( -2,  -2,  -1) -0.0742   (-2.467, -3.488, -2.014)  4.723 
J_iso: -0.0742 
Orbital contributions:
 isotropic J:
 [[ 0.112 -0.174 -0.136 -0.099 -0.044]
 [-0.287 -0.226  0.482 -0.239  0.033]
 [-0.108  0.395  0.367  0.197 -0.013]
 [-0.102 -0.239  0.241 -0.028  0.049]
 [-0.044  0.007 -0.017  0.09  -0.135]] 
----------------------------------------------------------------------------------------
   Fe1   Fe1   ( -2,  -1,  -2) -0.0742   (-2.467, -0.000, -4.028)  4.723 
J_iso: -0.0742 
Orbital contributions:
 isotropic J:
 [[-0.137 -0.106 -0.084  0.03   0.24 ]
 [-0.113  0.745 -0.109  0.064 -0.006]
 [-0.075 -0.083 -0.091 -0.164  0.175]
 [ 0.006  0.068 -0.125 -0.015 -0.295]
 [ 0.195 -0.022  0.174 -0.298  0.109]] 
----------------------------------------------------------------------------------------
   Fe1   Fe1   ( -1,  -2,  -2) -0.0742   ( 0.822, -2.325, -4.028)  4.723 
J_iso: -0.0742 
Orbital contributions:
 isotropic J:
 [[ 0.267 -0.11  -0.024 -0.017 -0.041]
 [-0.1    0.14  -0.031  0.07  -0.24 ]
 [ 0.012 -0.057 -0.091 -0.189  0.087]
 [-0.017  0.066 -0.204  0.586 -0.051]
 [-0.026 -0.219  0.114 -0.05   0.207]] 
----------------------------------------------------------------------------------------
   Fe1   Fe1   (  1,   2,   2) -0.0742   (-0.822,  2.325,  4.028)  4.723 
J_iso: -0.0742 
Orbital contributions:
 isotropic J:
 [[ 0.267 -0.1    0.012 -0.017 -0.026]
 [-0.11   0.14  -0.057  0.066 -0.219]
 [-0.024 -0.031 -0.091 -0.204  0.114]
 [-0.017  0.07  -0.189  0.586 -0.05 ]
 [-0.041 -0.24   0.087 -0.051  0.207]] 
----------------------------------------------------------------------------------------
   Fe1   Fe1   (  2,   1,   2) -0.0742   ( 2.467,  0.000,  4.028)  4.723 
J_iso: -0.0742 
Orbital contributions:
 isotropic J:
 [[-0.137 -0.113 -0.075  0.006  0.195]
 [-0.106  0.745 -0.083  0.068 -0.022]
 [-0.084 -0.109 -0.091 -0.125  0.174]
 [ 0.03   0.064 -0.164 -0.015 -0.298]
 [ 0.24  -0.006  0.175 -0.295  0.109]] 
----------------------------------------------------------------------------------------
   Fe1   Fe1   (  2,   2,   1) -0.0742   ( 2.467,  3.488,  2.014)  4.723 
J_iso: -0.0742 
Orbital contributions:
 isotropic J:
 [[ 0.112 -0.287 -0.108 -0.102 -0.044]
 [-0.174 -0.226  0.395 -0.239  0.007]
 [-0.136  0.482  0.367  0.241 -0.017]
 [-0.099 -0.239  0.197 -0.028  0.09 ]
 [-0.044  0.033 -0.013  0.049 -0.135]] 
----------------------------------------------------------------------------------------
   Fe1   Fe1   ( -2,   0,   0) -0.2884   (-4.933,  0.000,  0.000)  4.933 
J_iso: -0.2884 
Orbital contributions:
 isotropic J:
 [[ 0.362 -0.    -0.035 -0.    -0.012]
 [ 0.     0.126 -0.    -0.132  0.   ]
 [-0.1   -0.     0.622  0.    -0.7  ]
 [-0.    -0.046 -0.     0.361  0.   ]
 [-0.033  0.    -0.7    0.     0.211]] 
----------------------------------------------------------------------------------------
   Fe1   Fe1   (  0,  -2,   0) -0.2884   ( 1.644, -4.651,  0.000)  4.933 
J_iso: -0.2884 
Orbital contributions:
 isotropic J:
 [[-0.354  0.    -0.333  0.     0.771]
 [ 0.     0.041 -0.     0.111  0.   ]
 [-0.365 -0.     0.622  0.    -0.434]
 [ 0.     0.024 -0.     0.133  0.   ]
 [ 0.775  0.    -0.402  0.    -0.666]] 
----------------------------------------------------------------------------------------
   Fe1   Fe1   (  0,   0,  -2) -0.2884   ( 1.644,  2.325, -4.028)  4.933 
J_iso: -0.2884 
Orbital contributions:
 isotropic J:
 [[ 0.144 -0.154  0.298 -0.133 -0.017]
 [-0.143 -0.192  0.049  0.075  0.019]
 [ 0.346  0.056 -0.535  0.028  0.043]
 [-0.133  0.075  0.024 -0.098  0.236]
 [-0.017  0.021  0.037  0.232 -0.337]] 
----------------------------------------------------------------------------------------
   Fe1   Fe1   (  0,   0,   2) -0.2884   (-1.644, -2.325,  4.028)  4.933 
J_iso: -0.2884 
Orbital contributions:
 isotropic J:
 [[ 0.144 -0.143  0.346 -0.133 -0.017]
 [-0.154 -0.192  0.056  0.075  0.021]
 [ 0.298  0.049 -0.535  0.024  0.037]
 [-0.133  0.075  0.028 -0.098  0.232]
 [-0.017  0.019  0.043  0.236 -0.337]] 
----------------------------------------------------------------------------------------
   Fe1   Fe1   (  0,   2,   0) -0.2884   (-1.644,  4.651,  0.000)  4.933 
J_iso: -0.2884 
Orbital contributions:
 isotropic J:
 [[-0.354  0.    -0.365  0.     0.775]
 [ 0.     0.041 -0.     0.024  0.   ]
 [-0.333 -0.     0.622 -0.    -0.402]
 [ 0.     0.111  0.     0.133  0.   ]
 [ 0.771  0.    -0.434  0.    -0.666]] 
----------------------------------------------------------------------------------------
   Fe1   Fe1   (  2,   0,   0) -0.2884   ( 4.933,  0.000,  0.000)  4.933 
J_iso: -0.2884 
Orbital contributions:
 isotropic J:
 [[ 0.362  0.    -0.1   -0.    -0.033]
 [-0.     0.126 -0.    -0.046  0.   ]
 [-0.035 -0.     0.622 -0.    -0.7  ]
 [-0.    -0.132  0.     0.361  0.   ]
 [-0.012  0.    -0.7    0.     0.211]] 
----------------------------------------------------------------------------------------
   Fe1   Fe1   ( -2,  -2,  -2) -0.2884   (-1.644, -2.325, -4.028)  4.933 
J_iso: -0.2884 
Orbital contributions:
 isotropic J:
 [[ 0.145 -0.154  0.295 -0.134 -0.017]
 [-0.144 -0.204  0.045  0.068  0.017]
 [ 0.343  0.053 -0.539  0.026  0.043]
 [-0.134  0.068  0.023 -0.101  0.234]
 [-0.017  0.02   0.037  0.231 -0.334]] 
----------------------------------------------------------------------------------------
   Fe1   Fe1   (  2,   2,   2) -0.2884   ( 1.644,  2.325,  4.028)  4.933 
J_iso: -0.2884 
Orbital contributions:
 isotropic J:
 [[ 0.145 -0.144  0.343 -0.134 -0.017]
 [-0.154 -0.204  0.053  0.068  0.02 ]
 [ 0.295  0.045 -0.539  0.023  0.037]
 [-0.134  0.068  0.026 -0.101  0.231]
 [-0.017  0.017  0.043  0.234 -0.334]] 
----------------------------------------------------------------------------------------
   Fe1   Fe1   (  0,  -2,  -2)  0.5922   ( 3.289, -2.325, -4.028)  5.696 
J_iso:  0.5922 
Orbital contributions:
 isotropic J:
 [[ 0.082  0.032 -0.047  0.011  0.013]
 [ 0.032  0.119  0.005  0.058 -0.   ]
 [-0.047  0.005  0.072  0.01  -0.006]
 [ 0.011  0.058  0.01   0.085  0.028]
 [ 0.012 -0.    -0.005  0.028  0.189]] 
----------------------------------------------------------------------------------------
   Fe1   Fe1   (  0,   2,   2)  0.5922   (-3.289,  2.325,  4.028)  5.696 
J_iso:  0.5922 
Orbital contributions:
 isotropic J:
 [[ 0.082  0.032 -0.047  0.011  0.012]
 [ 0.032  0.119  0.005  0.058 -0.   ]
 [-0.047  0.005  0.072  0.01  -0.005]
 [ 0.011  0.058  0.01   0.085  0.028]
 [ 0.013 -0.    -0.006  0.028  0.189]] 
----------------------------------------------------------------------------------------
   Fe1   Fe1   ( -2,  -2,   0)  0.5922   (-3.289, -4.651,  0.000)  5.696 
J_iso:  0.5922 
Orbital contributions:
 isotropic J:
 [[ 0.097  0.     0.176  0.    -0.032]
 [ 0.     0.081 -0.    -0.051 -0.   ]
 [ 0.176  0.     0.201  0.     0.022]
 [-0.    -0.051 -0.     0.093  0.   ]
 [-0.032 -0.     0.022  0.     0.051]] 
----------------------------------------------------------------------------------------
   Fe1   Fe1   ( -2,   0,  -2)  0.5922   (-3.289,  2.325, -4.028)  5.696 
J_iso:  0.5922 
Orbital contributions:
 isotropic J:
 [[ 0.083  0.032 -0.046  0.011  0.013]
 [ 0.032  0.12   0.005  0.057  0.001]
 [-0.046  0.005  0.072  0.01  -0.006]
 [ 0.011  0.058  0.01   0.084  0.027]
 [ 0.013  0.    -0.006  0.028  0.186]] 
----------------------------------------------------------------------------------------
   Fe1   Fe1   (  2,   0,   2)  0.5922   ( 3.289, -2.325,  4.028)  5.696 
J_iso:  0.5922 
Orbital contributions:
 isotropic J:
 [[ 0.083  0.032 -0.046  0.011  0.013]
 [ 0.032  0.12   0.005  0.058  0.   ]
 [-0.046  0.005  0.072  0.01  -0.006]
 [ 0.011  0.057  0.01   0.084  0.028]
 [ 0.013  0.001 -0.006  0.027  0.186]] 
----------------------------------------------------------------------------------------
   Fe1   Fe1   (  2,   2,   0)  0.5922   ( 3.289,  4.651,  0.000)  5.696 
J_iso:  0.5922 
Orbital contributions:
 isotropic J:
 [[ 0.097  0.     0.176 -0.    -0.032]
 [ 0.     0.081  0.    -0.051 -0.   ]
 [ 0.176 -0.     0.201 -0.     0.022]
 [ 0.    -0.051  0.     0.093  0.   ]
 [-0.032 -0.     0.022  0.     0.051]] 
----------------------------------------------------------------------------------------
   Fe1   Fe1   ( -1,   0,   2) -0.6606   (-4.111, -2.325,  4.028)  6.207 
J_iso: -0.6606 
Orbital contributions:
 isotropic J:
 [[-0.017 -0.111  0.001  0.011  0.019]
 [-0.116 -0.482  0.051 -0.099  0.074]
 [-0.004  0.064 -0.094 -0.106  0.012]
 [ 0.011 -0.103 -0.084  0.022 -0.012]
 [ 0.012  0.068  0.006 -0.003  0.22 ]] 
----------------------------------------------------------------------------------------
   Fe1   Fe1   (  1,   0,  -2) -0.6606   ( 4.111,  2.325, -4.028)  6.207 
J_iso: -0.6606 
Orbital contributions:
 isotropic J:
 [[-0.017 -0.116 -0.004  0.011  0.012]
 [-0.111 -0.482  0.064 -0.103  0.068]
 [ 0.001  0.051 -0.094 -0.084  0.006]
 [ 0.011 -0.099 -0.106  0.022 -0.003]
 [ 0.019  0.074  0.012 -0.012  0.22 ]] 
----------------------------------------------------------------------------------------
   Fe1   Fe1   ( -2,   0,   1) -0.6606   (-5.755, -1.163,  2.014)  6.207 
J_iso: -0.6606 
Orbital contributions:
 isotropic J:
 [[-0.026 -0.009 -0.009  0.027  0.023]
 [-0.003  0.149  0.043  0.046 -0.078]
 [-0.002  0.042 -0.049  0.001 -0.099]
 [ 0.027  0.043 -0.006  0.093  0.007]
 [ 0.02  -0.06  -0.092 -0.011 -0.737]] 
----------------------------------------------------------------------------------------
   Fe1   Fe1   ( -2,   1,   0) -0.6606   (-5.755,  2.325,  0.000)  6.207 
J_iso: -0.6606 
Orbital contributions:
 isotropic J:
 [[ 0.179  0.     0.08   0.    -0.016]
 [-0.    -0.044  0.     0.005  0.   ]
 [ 0.062  0.    -0.253  0.    -0.15 ]
 [-0.    -0.016  0.    -0.059 -0.   ]
 [-0.016  0.    -0.155  0.    -0.279]] 
----------------------------------------------------------------------------------------
   Fe1   Fe1   ( -1,   2,   0) -0.6606   (-4.111,  4.651,  0.000)  6.207 
J_iso: -0.6606 
Orbital contributions:
 isotropic J:
 [[ 0.053  0.    -0.167  0.    -0.087]
 [ 0.     0.008  0.    -0.058 -0.   ]
 [-0.14   0.    -0.253  0.     0.052]
 [ 0.    -0.037  0.    -0.025 -0.   ]
 [-0.118 -0.     0.092 -0.     0.02 ]] 
----------------------------------------------------------------------------------------
   Fe1   Fe1   (  0,  -2,   1) -0.6606   ( 0.822, -5.814,  2.014)  6.207 
J_iso: -0.6606 
Orbital contributions:
 isotropic J:
 [[-0.235  0.033 -0.028 -0.003 -0.088]
 [ 0.042  0.059  0.016  0.116 -0.002]
 [-0.035  0.02  -0.049  0.024 -0.065]
 [-0.007  0.118  0.022  0.037 -0.08 ]
 [-0.083 -0.008 -0.074 -0.076 -0.315]] 
----------------------------------------------------------------------------------------
   Fe1   Fe1   (  0,  -1,   2) -0.6606   (-0.822, -4.651,  4.028)  6.207 
J_iso: -0.6606 
Orbital contributions:
 isotropic J:
 [[ 0.007  0.014 -0.02  -0.013  0.067]
 [ 0.015 -0.099 -0.129 -0.195 -0.044]
 [-0.016 -0.148 -0.094  0.106  0.023]
 [-0.025 -0.191  0.095 -0.177  0.011]
 [ 0.076 -0.036  0.026  0.001  0.084]] 
----------------------------------------------------------------------------------------
   Fe1   Fe1   (  0,   1,  -2) -0.6606   ( 0.822,  4.651, -4.028)  6.207 
J_iso: -0.6606 
Orbital contributions:
 isotropic J:
 [[ 0.007  0.015 -0.016 -0.025  0.076]
 [ 0.014 -0.099 -0.148 -0.191 -0.036]
 [-0.02  -0.129 -0.094  0.095  0.026]
 [-0.013 -0.195  0.106 -0.177  0.001]
 [ 0.067 -0.044  0.023  0.011  0.084]] 
----------------------------------------------------------------------------------------
   Fe1   Fe1   (  0,   2,  -1) -0.6606   (-0.822,  5.814, -2.014)  6.207 
J_iso: -0.6606 
Orbital contributions:
 isotropic J:
 [[-0.235  0.042 -0.035 -0.007 -0.083]
 [ 0.033  0.059  0.02   0.118 -0.008]
 [-0.028  0.016 -0.049  0.022 -0.074]
 [-0.003  0.116  0.024  0.037 -0.076]
 [-0.088 -0.002 -0.065 -0.08  -0.315]] 
----------------------------------------------------------------------------------------
   Fe1   Fe1   (  1,  -2,   0) -0.6606   ( 4.111, -4.651,  0.000)  6.207 
J_iso: -0.6606 
Orbital contributions:
 isotropic J:
 [[ 0.053  0.    -0.14   0.    -0.118]
 [ 0.     0.008  0.    -0.037 -0.   ]
 [-0.167  0.    -0.253  0.     0.092]
 [ 0.    -0.058  0.    -0.025 -0.   ]
 [-0.087 -0.     0.052 -0.     0.02 ]] 
----------------------------------------------------------------------------------------
   Fe1   Fe1   (  2,  -1,   0) -0.6606   ( 5.755, -2.325,  0.000)  6.207 
J_iso: -0.6606 
Orbital contributions:
 isotropic J:
 [[ 0.179 -0.     0.062 -0.    -0.016]
 [ 0.    -0.044  0.    -0.016  0.   ]
 [ 0.08   0.    -0.253  0.    -0.155]
 [ 0.     0.005  0.    -0.059  0.   ]
 [-0.016  0.    -0.15  -0.    -0.279]] 
----------------------------------------------------------------------------------------
   Fe1   Fe1   (  2,   0,  -1) -0.6606   ( 5.755,  1.163, -2.014)  6.207 
J_iso: -0.6606 
Orbital contributions:
 isotropic J:
 [[-0.026 -0.003 -0.002  0.027  0.02 ]
 [-0.009  0.149  0.042  0.043 -0.06 ]
 [-0.009  0.043 -0.049 -0.006 -0.092]
 [ 0.027  0.046  0.001  0.093 -0.011]
 [ 0.023 -0.078 -0.099  0.007 -0.737]] 
----------------------------------------------------------------------------------------
   Fe1   Fe1   ( -1,  -1,  -3) -0.6606   ( 0.822,  1.163, -6.042)  6.207 
J_iso: -0.6606 
Orbital contributions:
 isotropic J:
 [[-0.028  0.042 -0.041 -0.04  -0.016]
 [ 0.045 -0.153 -0.078  0.01  -0.034]
 [-0.049 -0.065 -0.043 -0.032 -0.006]
 [-0.024  0.01  -0.039 -0.117  0.018]
 [-0.016 -0.046 -0.005  0.027  0.007]] 
----------------------------------------------------------------------------------------
   Fe1   Fe1   (  1,   1,   3) -0.6606   (-0.822, -1.163,  6.042)  6.207 
J_iso: -0.6606 
Orbital contributions:
 isotropic J:
 [[-0.028  0.045 -0.049 -0.024 -0.016]
 [ 0.042 -0.153 -0.065  0.01  -0.046]
 [-0.041 -0.078 -0.043 -0.039 -0.005]
 [-0.04   0.01  -0.032 -0.117  0.027]
 [-0.016 -0.034 -0.006  0.018  0.007]] 
----------------------------------------------------------------------------------------
   Fe1   Fe1   ( -3,  -1,  -1) -0.6606   (-5.755, -1.163, -2.014)  6.207 
J_iso: -0.6606 
Orbital contributions:
 isotropic J:
 [[-0.026 -0.009 -0.01   0.027  0.022]
 [-0.003  0.149  0.044  0.046 -0.079]
 [-0.002  0.043 -0.049  0.001 -0.103]
 [ 0.027  0.043 -0.006  0.093  0.006]
 [ 0.019 -0.061 -0.097 -0.011 -0.738]] 
----------------------------------------------------------------------------------------
   Fe1   Fe1   ( -1,  -3,  -1) -0.6606   ( 0.822, -5.814, -2.014)  6.207 
J_iso: -0.6606 
Orbital contributions:
 isotropic J:
 [[-0.236  0.033 -0.029 -0.003 -0.089]
 [ 0.041  0.059  0.016  0.116 -0.002]
 [-0.036  0.02  -0.049  0.025 -0.07 ]
 [-0.007  0.119  0.022  0.037 -0.081]
 [-0.085 -0.008 -0.078 -0.077 -0.312]] 
----------------------------------------------------------------------------------------
   Fe1   Fe1   (  1,   3,   1) -0.6606   (-0.822,  5.814,  2.014)  6.207 
J_iso: -0.6606 
Orbital contributions:
 isotropic J:
 [[-0.236  0.041 -0.036 -0.007 -0.085]
 [ 0.033  0.059  0.02   0.119 -0.008]
 [-0.029  0.016 -0.049  0.022 -0.078]
 [-0.003  0.116  0.025  0.037 -0.077]
 [-0.089 -0.002 -0.07  -0.081 -0.312]] 
----------------------------------------------------------------------------------------
   Fe1   Fe1   (  3,   1,   1) -0.6606   ( 5.755,  1.163,  2.014)  6.207 
J_iso: -0.6606 
Orbital contributions:
 isotropic J:
 [[-0.026 -0.003 -0.002  0.027  0.019]
 [-0.009  0.149  0.043  0.043 -0.061]
 [-0.01   0.044 -0.049 -0.006 -0.097]
 [ 0.027  0.046  0.001  0.093 -0.011]
 [ 0.022 -0.079 -0.103  0.006 -0.738]] 
----------------------------------------------------------------------------------------
   Fe1   Fe1   ( -3,  -2,  -2) -0.6606   (-4.111, -2.325, -4.028)  6.207 
J_iso: -0.6606 
Orbital contributions:
 isotropic J:
 [[-0.016 -0.112  0.     0.01   0.018]
 [-0.117 -0.486  0.044 -0.1    0.074]
 [-0.005  0.056 -0.094 -0.108  0.012]
 [ 0.01  -0.103 -0.087  0.023 -0.012]
 [ 0.012  0.068  0.007 -0.002  0.218]] 
----------------------------------------------------------------------------------------
   Fe1   Fe1   ( -2,  -2,  -3) -0.6606   (-0.822, -1.163, -6.042)  6.207 
J_iso: -0.6606 
Orbital contributions:
 isotropic J:
 [[-0.028  0.04  -0.04  -0.041 -0.016]
 [ 0.042 -0.155 -0.08   0.009 -0.035]
 [-0.047 -0.067 -0.043 -0.033 -0.006]
 [-0.025  0.009 -0.04  -0.117  0.018]
 [-0.016 -0.046 -0.005  0.027  0.006]] 
----------------------------------------------------------------------------------------
   Fe1   Fe1   (  2,   2,   3) -0.6606   ( 0.822,  1.163,  6.042)  6.207 
J_iso: -0.6606 
Orbital contributions:
 isotropic J:
 [[-0.028  0.042 -0.047 -0.025 -0.016]
 [ 0.04  -0.155 -0.067  0.009 -0.046]
 [-0.04  -0.08  -0.043 -0.04  -0.005]
 [-0.041  0.009 -0.033 -0.117  0.027]
 [-0.016 -0.035 -0.006  0.018  0.006]] 
----------------------------------------------------------------------------------------
   Fe1   Fe1   (  3,   2,   2) -0.6606   ( 4.111,  2.325,  4.028)  6.207 
J_iso: -0.6606 
Orbital contributions:
 isotropic J:
 [[-0.016 -0.117 -0.005  0.01   0.012]
 [-0.112 -0.486  0.056 -0.103  0.068]
 [ 0.     0.044 -0.094 -0.087  0.007]
 [ 0.01  -0.1   -0.108  0.023 -0.002]
 [ 0.018  0.074  0.012 -0.012  0.218]] 
----------------------------------------------------------------------------------------
   Fe1   Fe1   ( -2,  -3,  -2) -0.6606   (-0.822, -4.651, -4.028)  6.207 
J_iso: -0.6606 
Orbital contributions:
 isotropic J:
 [[ 0.007  0.013 -0.02  -0.014  0.068]
 [ 0.015 -0.099 -0.134 -0.196 -0.044]
 [-0.016 -0.153 -0.094  0.102  0.024]
 [-0.026 -0.193  0.092 -0.178  0.011]
 [ 0.077 -0.036  0.027  0.     0.08 ]] 
----------------------------------------------------------------------------------------
   Fe1   Fe1   (  2,   3,   2) -0.6606   ( 0.822,  4.651,  4.028)  6.207 
J_iso: -0.6606 
Orbital contributions:
 isotropic J:
 [[ 0.007  0.015 -0.016 -0.026  0.077]
 [ 0.013 -0.099 -0.153 -0.193 -0.036]
 [-0.02  -0.134 -0.094  0.092  0.027]
 [-0.014 -0.196  0.102 -0.178  0.   ]
 [ 0.068 -0.044  0.024  0.011  0.08 ]] 
----------------------------------------------------------------------------------------
   Fe1   Fe1   ( -2,  -1,   1)  0.9072   (-4.933, -3.488,  2.014)  6.369 
J_iso:  0.9072 
Orbital contributions:
 isotropic J:
 [[ 0.005 -0.002  0.094  0.001  0.073]
 [ 0.     0.087 -0.006  0.013  0.024]
 [ 0.093 -0.004  0.407  0.013  0.009]
 [ 0.002  0.01   0.013 -0.029 -0.014]
 [ 0.072  0.022  0.012 -0.013 -0.001]] 
----------------------------------------------------------------------------------------
   Fe1   Fe1   ( -2,   1,  -1)  0.9072   (-4.933,  3.488, -2.014)  6.369 
J_iso:  0.9072 
Orbital contributions:
 isotropic J:
 [[-0.007  0.041  0.004 -0.008 -0.002]
 [ 0.042 -0.007  0.008 -0.006  0.184]
 [ 0.009  0.008  0.169  0.017  0.002]
 [-0.009 -0.006  0.017  0.004  0.12 ]
 [-0.002  0.185  0.001  0.119 -0.   ]] 
----------------------------------------------------------------------------------------
   Fe1   Fe1   (  2,  -1,   1)  0.9072   ( 4.933, -3.488,  2.014)  6.369 
J_iso:  0.9072 
Orbital contributions:
 isotropic J:
 [[-0.007  0.042  0.009 -0.009 -0.002]
 [ 0.041 -0.007  0.008 -0.006  0.185]
 [ 0.004  0.008  0.169  0.017  0.001]
 [-0.008 -0.006  0.017  0.004  0.119]
 [-0.002  0.184  0.002  0.12  -0.   ]] 
----------------------------------------------------------------------------------------
   Fe1   Fe1   (  2,   1,  -1)  0.9072   ( 4.933,  3.488, -2.014)  6.369 
J_iso:  0.9072 
Orbital contributions:
 isotropic J:
 [[ 0.005  0.     0.093  0.002  0.072]
 [-0.002  0.087 -0.004  0.01   0.022]
 [ 0.094 -0.006  0.407  0.013  0.012]
 [ 0.001  0.013  0.013 -0.029 -0.013]
 [ 0.073  0.024  0.009 -0.014 -0.001]] 
----------------------------------------------------------------------------------------
   Fe1   Fe1   ( -1,   1,  -2)  0.9072   (-1.644,  4.651, -4.028)  6.369 
J_iso:  0.9072 
Orbital contributions:
 isotropic J:
 [[-0.024  0.097 -0.02   0.068 -0.021]
 [ 0.084  0.019 -0.022  0.006  0.191]
 [-0.019 -0.028 -0.011 -0.021  0.065]
 [ 0.067  0.002 -0.018 -0.01   0.116]
 [-0.009  0.193  0.056  0.109  0.014]] 
----------------------------------------------------------------------------------------
   Fe1   Fe1   ( -1,   1,   2)  0.9072   (-4.933,  0.000,  4.028)  6.369 
J_iso:  0.9072 
Orbital contributions:
 isotropic J:
 [[-0.016  0.027  0.031 -0.006 -0.007]
 [ 0.024  0.001 -0.031  0.002  0.313]
 [ 0.032 -0.037 -0.011 -0.013  0.014]
 [-0.006  0.006 -0.009  0.008  0.126]
 [-0.003  0.309  0.005  0.137 -0.015]] 
----------------------------------------------------------------------------------------
   Fe1   Fe1   ( -1,   2,   1)  0.9072   (-4.933,  3.488,  2.014)  6.369 
J_iso:  0.9072 
Orbital contributions:
 isotropic J:
 [[-0.006  0.042  0.004 -0.008 -0.002]
 [ 0.043 -0.007  0.009 -0.006  0.184]
 [ 0.01   0.009  0.169  0.017  0.001]
