================================================================================
Orbitals for each atom: 
================================================================================
Note: the energies are in meV
Atom 000: 3s 4s 3py 3pz 3px 4py 4pz 4px 3dxy 3dyz 3dz2 3dxz 3dx2-y2 
Atom 001: 3s 4s 3py 3pz 3px 4py 4pz 4px 3dxy 3dyz 3dz2 3dxz 3dx2-y2 
Atom 002: 5s 5py 5pz 5px 5dxy 5dyz 5dz2 5dxz 5dx2-y2 
Atom 003: 5s 5py 5pz 5px 5dxy 5dyz 5dz2 5dxz 5dx2-y2 
Atom 004: 5s 5py 5pz 5px 5dxy 5dyz 5dz2 5dxz 5dx2-y2 
Atom 005: 5s 5py 5pz 5px 5dxy 5dyz 5dz2 5dxz 5dx2-y2 
Atom 006: 5s 5py 5pz 5px 5dxy 5dyz 5dz2 5dxz 5dx2-y2 
Atom 007: 5s 5py 5pz 5px 5dxy 5dyz 5dz2 5dxz 5dx2-y2 
------------------------------------------------------------
Angle 000:   theta=0.00000 phi=0.00000 
 E: -282.91543397 
Atom 000: 150.65920347 
Orbital: [[-0.    ,-0.    , 0.    , 0.    , 0.    ,-0.    ,-0.    ,-0.    , 0.    ,
   0.    , 0.    , 0.    , 0.    ],
 [-0.    ,-0.0002, 0.    , 0.0002, 0.    ,-0.0022,-0.0002,-0.0022,-0.0002,
  -0.0008,-0.0005,-0.0008,-0.0002],
 [ 0.    , 0.    , 0.    ,30.9178,16.4129,-0.0001,-0.38  ,-0.3355, 0.    ,
   0.    ,-0.    , 0.    ,-0.    ],
 [ 0.    , 0.0002,30.9178,-0.    ,30.919 ,-0.4129, 0.    ,-0.413 , 0.    ,
   0.    ,-0.    , 0.    , 0.    ],
 [ 0.    , 0.    ,16.4129,30.919 , 0.    ,-0.3355,-0.3801,-0.0001,-0.    ,
   0.    ,-0.    , 0.    , 0.    ],
 [-0.    ,-0.0022,-0.0001,-0.4129,-0.3355,-0.004 , 0.0653, 0.0926, 0.0001,
  -0.0001,-0.0001,-0.0005, 0.0003],
 [-0.    ,-0.0002,-0.38  , 0.    ,-0.3801, 0.0653, 0.0004, 0.0653, 0.    ,
  -0.0002, 0.0002,-0.0002, 0.    ],
 [-0.    ,-0.0022,-0.3355,-0.413 ,-0.0001, 0.0926, 0.0653,-0.004 , 0.0003,
  -0.0005,-0.0001,-0.0001, 0.0001],
 [ 0.    ,-0.0002, 0.    , 0.    ,-0.    , 0.0001, 0.    , 0.0003, 0.0066,
  -0.108 , 0.0072,-0.0647,-0.1207],
 [ 0.    ,-0.0008, 0.    , 0.    , 0.    ,-0.0001,-0.0002,-0.0005,-0.108 ,
   0.0067,-0.1977,-0.0407,-0.0647],
 [ 0.    ,-0.0005,-0.    ,-0.    ,-0.    ,-0.0001, 0.0002,-0.0001, 0.0072,
  -0.1977, 0.    ,-0.1978, 0.0072],
 [ 0.    ,-0.0008, 0.    , 0.    , 0.    ,-0.0005,-0.0002,-0.0001,-0.0647,
  -0.0407,-0.1978, 0.0067,-0.108 ],
 [ 0.    ,-0.0002,-0.    , 0.    , 0.    , 0.0003, 0.    , 0.0001,-0.1207,
  -0.0647, 0.0072,-0.108 , 0.0066]]Diference to the first angle: [[0.,0.,0.,0.,0.,0.,0.,0.,0.,0.,0.,0.,0.],
 [0.,0.,0.,0.,0.,0.,0.,0.,0.,0.,0.,0.,0.],
 [0.,0.,0.,0.,0.,0.,0.,0.,0.,0.,0.,0.,0.],
 [0.,0.,0.,0.,0.,0.,0.,0.,0.,0.,0.,0.,0.],
 [0.,0.,0.,0.,0.,0.,0.,0.,0.,0.,0.,0.,0.],
 [0.,0.,0.,0.,0.,0.,0.,0.,0.,0.,0.,0.,0.],
 [0.,0.,0.,0.,0.,0.,0.,0.,0.,0.,0.,0.,0.],
 [0.,0.,0.,0.,0.,0.,0.,0.,0.,0.,0.,0.,0.],
 [0.,0.,0.,0.,0.,0.,0.,0.,0.,0.,0.,0.,0.],
 [0.,0.,0.,0.,0.,0.,0.,0.,0.,0.,0.,0.,0.],
 [0.,0.,0.,0.,0.,0.,0.,0.,0.,0.,0.,0.,0.],
 [0.,0.,0.,0.,0.,0.,0.,0.,0.,0.,0.,0.,0.],
 [0.,0.,0.,0.,0.,0.,0.,0.,0.,0.,0.,0.,0.]]Atom 001: 150.65444068 
Orbital: [[-0.    , 0.    ,-0.    ,-0.    ,-0.    , 0.    , 0.    , 0.    ,-0.    ,
  -0.    ,-0.    ,-0.    ,-0.    ],
 [ 0.    ,-0.0002, 0.    , 0.0002, 0.    ,-0.0022,-0.0002,-0.0022,-0.0002,
  -0.0008,-0.0005,-0.0008,-0.0002],
 [-0.    , 0.    , 0.    ,30.9186,16.409 ,-0.0001,-0.38  ,-0.3354, 0.    ,
   0.    ,-0.    , 0.    ,-0.    ],
 [-0.    , 0.0002,30.9186,-0.    ,30.9198,-0.4129, 0.    ,-0.413 , 0.    ,
   0.    ,-0.    , 0.    , 0.    ],
 [-0.    , 0.    ,16.409 ,30.9198, 0.    ,-0.3354,-0.3801,-0.0001,-0.    ,
   0.    ,-0.    , 0.    , 0.    ],
 [ 0.    ,-0.0022,-0.0001,-0.4129,-0.3354,-0.004 , 0.0653, 0.0926, 0.0001,
  -0.0001,-0.0001,-0.0005, 0.0003],
 [ 0.    ,-0.0002,-0.38  , 0.    ,-0.3801, 0.0653, 0.0004, 0.0653, 0.    ,
  -0.0002, 0.0002,-0.0002, 0.    ],
 [ 0.    ,-0.0022,-0.3354,-0.413 ,-0.0001, 0.0926, 0.0653,-0.004 , 0.0003,
  -0.0005,-0.0001,-0.0001, 0.0001],
 [-0.    ,-0.0002, 0.    , 0.    ,-0.    , 0.0001, 0.    , 0.0003, 0.0066,
  -0.108 , 0.0072,-0.0647,-0.1207],
 [-0.    ,-0.0008, 0.    , 0.    , 0.    ,-0.0001,-0.0002,-0.0005,-0.108 ,
   0.0067,-0.1977,-0.0407,-0.0647],
 [-0.    ,-0.0005,-0.    ,-0.    ,-0.    ,-0.0001, 0.0002,-0.0001, 0.0072,
  -0.1977, 0.    ,-0.1978, 0.0072],
 [-0.    ,-0.0008, 0.    , 0.    , 0.    ,-0.0005,-0.0002,-0.0001,-0.0647,
  -0.0407,-0.1978, 0.0067,-0.108 ],
 [-0.    ,-0.0002,-0.    , 0.    , 0.    , 0.0003, 0.    , 0.0001,-0.1207,
  -0.0647, 0.0072,-0.108 , 0.0066]]Diference to the first angle: [[0.,0.,0.,0.,0.,0.,0.,0.,0.,0.,0.,0.,0.],
 [0.,0.,0.,0.,0.,0.,0.,0.,0.,0.,0.,0.,0.],
 [0.,0.,0.,0.,0.,0.,0.,0.,0.,0.,0.,0.,0.],
 [0.,0.,0.,0.,0.,0.,0.,0.,0.,0.,0.,0.,0.],
 [0.,0.,0.,0.,0.,0.,0.,0.,0.,0.,0.,0.,0.],
 [0.,0.,0.,0.,0.,0.,0.,0.,0.,0.,0.,0.,0.],
 [0.,0.,0.,0.,0.,0.,0.,0.,0.,0.,0.,0.,0.],
 [0.,0.,0.,0.,0.,0.,0.,0.,0.,0.,0.,0.,0.],
 [0.,0.,0.,0.,0.,0.,0.,0.,0.,0.,0.,0.,0.],
 [0.,0.,0.,0.,0.,0.,0.,0.,0.,0.,0.,0.,0.],
 [0.,0.,0.,0.,0.,0.,0.,0.,0.,0.,0.,0.,0.],
 [0.,0.,0.,0.,0.,0.,0.,0.,0.,0.,0.,0.,0.],
 [0.,0.,0.,0.,0.,0.,0.,0.,0.,0.,0.,0.,0.]]Atom 002: -111.25849182 
Orbital: [[ -0.    ,  0.    ,  0.    ,  0.    ,  0.    ,  0.    ,  0.    , -0.    ,
    0.    ],
 [  0.    , -0.9796,-18.2217,-18.4566, -0.0001,  0.0003, -0.0005, -0.0004,
   -0.0002],
 [  0.    ,-18.2217, -0.9119,-17.2818,  0.0004, -0.0009,  0.0008, -0.0003,
    0.0009],
 [  0.    ,-18.4566,-17.2818, -1.4328,  0.0001, -0.0001,  0.0002,  0.0007,
   -0.    ],
 [  0.    , -0.0001,  0.0004,  0.0001, -0.    , -0.0007, -0.    , -0.0004,
   -0.0024],
 [  0.    ,  0.0003, -0.0009, -0.0001, -0.0007,  0.    , -0.0013, -0.0005,
   -0.0006],
 [  0.    , -0.0005,  0.0008,  0.0002, -0.    , -0.0013,  0.    , -0.0015,
   -0.    ],
 [ -0.    , -0.0004, -0.0003,  0.0007, -0.0004, -0.0005, -0.0015, -0.    ,
   -0.0004],
 [  0.    , -0.0002,  0.0009, -0.    , -0.0024, -0.0006, -0.    , -0.0004,
    0.    ]]Diference to the first angle: [[0.,0.,0.,0.,0.,0.,0.,0.,0.],
 [0.,0.,0.,0.,0.,0.,0.,0.,0.],
 [0.,0.,0.,0.,0.,0.,0.,0.,0.],
 [0.,0.,0.,0.,0.,0.,0.,0.,0.],
 [0.,0.,0.,0.,0.,0.,0.,0.,0.],
 [0.,0.,0.,0.,0.,0.,0.,0.,0.],
 [0.,0.,0.,0.,0.,0.,0.,0.,0.],
 [0.,0.,0.,0.,0.,0.,0.,0.,0.],
 [0.,0.,0.,0.,0.,0.,0.,0.,0.]]Atom 003: -111.25849496 
Orbital: [[ -0.    ,  0.    ,  0.    ,  0.    ,  0.    , -0.    ,  0.    ,  0.    ,
    0.    ],
 [  0.    , -0.9796,-18.0944,-18.4565,  0.    ,  0.0002,  0.0001, -0.0001,
   -0.0002],
 [  0.    ,-18.0944, -0.912 ,-17.4091,  0.0006, -0.0008,  0.0008, -0.0004,
    0.0007],
 [  0.    ,-18.4565,-17.4091, -1.4329, -0.    , -0.0001, -0.0005,  0.0004,
    0.    ],
 [  0.    ,  0.    ,  0.0006, -0.    ,  0.    , -0.0004, -0.    , -0.0007,
   -0.0024],
 [ -0.    ,  0.0002, -0.0008, -0.0001, -0.0004, -0.    , -0.0017, -0.0005,
   -0.0006],
 [  0.    ,  0.0001,  0.0008, -0.0005, -0.    , -0.0017,  0.    , -0.0011,
   -0.    ],
 [  0.    , -0.0001, -0.0004,  0.0004, -0.0007, -0.0005, -0.0011,  0.    ,
   -0.0005],
 [  0.    , -0.0002,  0.0007,  0.    , -0.0024, -0.0006, -0.    , -0.0005,
   -0.    ]]Diference to the first angle: [[0.,0.,0.,0.,0.,0.,0.,0.,0.],
 [0.,0.,0.,0.,0.,0.,0.,0.,0.],
 [0.,0.,0.,0.,0.,0.,0.,0.,0.],
 [0.,0.,0.,0.,0.,0.,0.,0.,0.],
 [0.,0.,0.,0.,0.,0.,0.,0.,0.],
 [0.,0.,0.,0.,0.,0.,0.,0.,0.],
 [0.,0.,0.,0.,0.,0.,0.,0.,0.],
 [0.,0.,0.,0.,0.,0.,0.,0.,0.],
 [0.,0.,0.,0.,0.,0.,0.,0.,0.]]Atom 004: -111.25788150 
Orbital: [[ -0.    ,  0.    ,  0.    ,  0.    ,  0.    ,  0.    ,  0.    , -0.    ,
    0.    ],
 [  0.    , -0.8841,-16.9391,-19.2319, -0.0003,  0.0006, -0.0001,  0.0001,
    0.0005],
 [  0.    ,-16.9391, -0.9118,-18.5642,  0.0009, -0.0001,  0.0008, -0.0011,
    0.0003],
 [  0.    ,-19.2319,-18.5642,  0.0224,  0.    , -0.0003, -0.0003,  0.    ,
   -0.0004],
 [  0.    , -0.0003,  0.0009,  0.    ,  0.    , -0.0005, -0.    , -0.0006,
   -0.0024],
 [  0.    ,  0.0006, -0.0001, -0.0003, -0.0005,  0.    , -0.0012, -0.0005,
   -0.0004],
 [  0.    , -0.0001,  0.0008, -0.0003, -0.    , -0.0012,  0.    , -0.0016,
   -0.    ],
 [ -0.    ,  0.0001, -0.0011,  0.    , -0.0006, -0.0005, -0.0016,  0.    ,
   -0.0007],
 [  0.    ,  0.0005,  0.0003, -0.0004, -0.0024, -0.0004, -0.    , -0.0007,
   -0.    ]]Diference to the first angle: [[0.,0.,0.,0.,0.,0.,0.,0.,0.],
 [0.,0.,0.,0.,0.,0.,0.,0.,0.],
 [0.,0.,0.,0.,0.,0.,0.,0.,0.],
 [0.,0.,0.,0.,0.,0.,0.,0.,0.],
 [0.,0.,0.,0.,0.,0.,0.,0.,0.],
 [0.,0.,0.,0.,0.,0.,0.,0.,0.],
 [0.,0.,0.,0.,0.,0.,0.,0.,0.],
 [0.,0.,0.,0.,0.,0.,0.,0.,0.],
 [0.,0.,0.,0.,0.,0.,0.,0.,0.]]Atom 005: -111.25787813 
Orbital: [[ -0.    ,  0.    ,  0.    ,  0.    ,  0.    ,  0.    ,  0.    , -0.    ,
    0.    ],
 [  0.    , -0.8841,-16.9391,-19.2319, -0.0003,  0.0006, -0.0001,  0.0001,
    0.0005],
 [  0.    ,-16.9391, -0.9118,-18.5643,  0.0009, -0.0001,  0.0008, -0.0011,
    0.0003],
 [  0.    ,-19.2319,-18.5643,  0.0224,  0.    , -0.0003, -0.0003,  0.    ,
   -0.0004],
 [  0.    , -0.0003,  0.0009,  0.    ,  0.    , -0.0005, -0.    , -0.0006,
   -0.0024],
 [  0.    ,  0.0006, -0.0001, -0.0003, -0.0005,  0.    , -0.0012, -0.0005,
   -0.0004],
 [  0.    , -0.0001,  0.0008, -0.0003, -0.    , -0.0012,  0.    , -0.0016,
   -0.    ],
 [ -0.    ,  0.0001, -0.0011,  0.    , -0.0006, -0.0005, -0.0016,  0.    ,
   -0.0007],
 [  0.    ,  0.0005,  0.0003, -0.0004, -0.0024, -0.0004, -0.    , -0.0007,
   -0.    ]]Diference to the first angle: [[0.,0.,0.,0.,0.,0.,0.,0.,0.],
 [0.,0.,0.,0.,0.,0.,0.,0.,0.],
 [0.,0.,0.,0.,0.,0.,0.,0.,0.],
 [0.,0.,0.,0.,0.,0.,0.,0.,0.],
 [0.,0.,0.,0.,0.,0.,0.,0.,0.],
 [0.,0.,0.,0.,0.,0.,0.,0.,0.],
 [0.,0.,0.,0.,0.,0.,0.,0.,0.],
 [0.,0.,0.,0.,0.,0.,0.,0.,0.],
 [0.,0.,0.,0.,0.,0.,0.,0.,0.]]Atom 006: -111.25849726 
Orbital: [[ -0.    ,  0.    ,  0.    ,  0.    ,  0.    , -0.    ,  0.    ,  0.    ,
    0.    ],
 [  0.    , -0.9796,-18.0944,-18.4565,  0.    ,  0.0002,  0.0001, -0.0001,
   -0.0002],
 [  0.    ,-18.0944, -0.912 ,-17.4091,  0.0006, -0.0008,  0.0008, -0.0004,
    0.0007],
 [  0.    ,-18.4565,-17.4091, -1.4328, -0.    , -0.0001, -0.0005,  0.0004,
    0.    ],
 [  0.    ,  0.    ,  0.0006, -0.    ,  0.    , -0.0004, -0.    , -0.0007,
   -0.0024],
 [ -0.    ,  0.0002, -0.0008, -0.0001, -0.0004, -0.    , -0.0017, -0.0005,
   -0.0006],
 [  0.    ,  0.0001,  0.0008, -0.0005, -0.    , -0.0017,  0.    , -0.0011,
   -0.    ],
 [  0.    , -0.0001, -0.0004,  0.0004, -0.0007, -0.0005, -0.0011,  0.    ,
   -0.0005],
 [  0.    , -0.0002,  0.0007,  0.    , -0.0024, -0.0006, -0.    , -0.0005,
   -0.    ]]Diference to the first angle: [[0.,0.,0.,0.,0.,0.,0.,0.,0.],
 [0.,0.,0.,0.,0.,0.,0.,0.,0.],
 [0.,0.,0.,0.,0.,0.,0.,0.,0.],
 [0.,0.,0.,0.,0.,0.,0.,0.,0.],
 [0.,0.,0.,0.,0.,0.,0.,0.,0.],
 [0.,0.,0.,0.,0.,0.,0.,0.,0.],
 [0.,0.,0.,0.,0.,0.,0.,0.,0.],
 [0.,0.,0.,0.,0.,0.,0.,0.,0.],
 [0.,0.,0.,0.,0.,0.,0.,0.,0.]]Atom 007: -111.25848954 
Orbital: [[ -0.    ,  0.    ,  0.    ,  0.    ,  0.    ,  0.    ,  0.    , -0.    ,
    0.    ],
 [  0.    , -0.9796,-18.2217,-18.4566, -0.0001,  0.0003, -0.0005, -0.0004,
   -0.0002],
 [  0.    ,-18.2217, -0.9118,-17.2818,  0.0004, -0.0009,  0.0008, -0.0003,
    0.0009],
 [  0.    ,-18.4566,-17.2818, -1.4328,  0.0001, -0.0001,  0.0002,  0.0007,
   -0.    ],
 [  0.    , -0.0001,  0.0004,  0.0001, -0.    , -0.0007, -0.    , -0.0004,
   -0.0024],
 [  0.    ,  0.0003, -0.0009, -0.0001, -0.0007,  0.    , -0.0013, -0.0005,
   -0.0006],
 [  0.    , -0.0005,  0.0008,  0.0002, -0.    , -0.0013,  0.    , -0.0015,
   -0.    ],
 [ -0.    , -0.0004, -0.0003,  0.0007, -0.0004, -0.0005, -0.0015, -0.    ,
   -0.0004],
 [  0.    , -0.0002,  0.0009, -0.    , -0.0024, -0.0006, -0.    , -0.0004,
    0.    ]]Diference to the first angle: [[0.,0.,0.,0.,0.,0.,0.,0.,0.],
 [0.,0.,0.,0.,0.,0.,0.,0.,0.],
 [0.,0.,0.,0.,0.,0.,0.,0.,0.],
 [0.,0.,0.,0.,0.,0.,0.,0.,0.],
 [0.,0.,0.,0.,0.,0.,0.,0.,0.],
 [0.,0.,0.,0.,0.,0.,0.,0.,0.],
 [0.,0.,0.,0.,0.,0.,0.,0.,0.],
 [0.,0.,0.,0.,0.,0.,0.,0.,0.],
 [0.,0.,0.,0.,0.,0.,0.,0.,0.]]
------------------------------------------------------------
Angle 001:   theta=1.57080 phi=0.00000 
 E: -276.44524804 
Atom 000: 152.82499824 
Orbital: [[-0.    , 0.    , 0.    , 0.    , 0.    ,-0.    ,-0.    ,-0.    ,-0.    ,
  -0.    , 0.    ,-0.    ,-0.    ],
 [ 0.    ,-0.0005,-0.    , 0.0002, 0.    ,-0.0025,-0.0002,-0.002 ,-0.0008,
   0.0004,-0.0002,-0.0005,-0.0008],
 [ 0.    ,-0.    , 0.    ,17.4564,30.9928,-0.    ,-0.3148,-0.4168, 0.    ,
   0.    , 0.    , 0.    ,-0.    ],
 [ 0.    , 0.0002,17.4564,-0.    ,30.9199,-0.3392, 0.    ,-0.413 , 0.    ,
   0.    , 0.    , 0.    ,-0.    ],
 [ 0.    , 0.    ,30.9928,30.9199, 0.    ,-0.4169,-0.3801,-0.0001,-0.    ,
   0.    , 0.    , 0.    , 0.    ],
 [-0.    ,-0.0025,-0.    ,-0.3392,-0.4169,-0.004 , 0.0653, 0.0925,-0.    ,
  -0.0002,-0.0002,-0.0001,-0.0001],
 [-0.    ,-0.0002,-0.3148, 0.    ,-0.3801, 0.0653, 0.0005, 0.0654, 0.0003,
  -0.0002,-0.    ,-0.0001, 0.0006],
 [-0.    ,-0.002 ,-0.4168,-0.413 ,-0.0001, 0.0925, 0.0654,-0.004 , 0.0002,
  -0.0002,-0.0002, 0.    ,-0.0002],
 [-0.    ,-0.0008, 0.    , 0.    ,-0.    ,-0.    , 0.0003, 0.0002,-0.0203,
  -0.0368, 0.0073,-0.0453,-0.2796],
 [-0.    , 0.0004, 0.    , 0.    , 0.    ,-0.0002,-0.0002,-0.0002,-0.0368,
  -0.0204,-0.1323,-0.0509,-0.0452],
 [ 0.    ,-0.0002, 0.    , 0.    , 0.    ,-0.0002,-0.    ,-0.0002, 0.0073,
  -0.1323, 0.    ,-0.1979,-0.0077],
 [-0.    ,-0.0005, 0.    , 0.    , 0.    ,-0.0001,-0.0001, 0.    ,-0.0453,
  -0.0509,-0.1979,-0.0208,-0.0588],
 [-0.    ,-0.0008,-0.    ,-0.    , 0.    ,-0.0001, 0.0006,-0.0002,-0.2796,
  -0.0452,-0.0077,-0.0588,-0.0203]]Diference to the first angle: [[  0.    ,  0.    , -0.    , -0.    , -0.    ,  0.    ,  0.    ,  0.    ,
   -0.    , -0.    , -0.    , -0.    , -0.    ],
 [  0.    , -0.0002, -0.    ,  0.    ,  0.    , -0.0003, -0.0001,  0.0002,
   -0.0006,  0.0012,  0.0003,  0.0003, -0.0006],
 [ -0.    , -0.    , -0.    ,-13.4614, 14.5799,  0.    ,  0.0653, -0.0814,
   -0.    , -0.    ,  0.    ,  0.    , -0.    ],
 [ -0.    ,  0.    ,-13.4614, -0.    ,  0.0009,  0.0738, -0.    , -0.    ,
   -0.    ,  0.    ,  0.    , -0.    , -0.    ],
 [ -0.    ,  0.    , 14.5799,  0.0009, -0.    , -0.0814, -0.    ,  0.    ,
   -0.    ,  0.    ,  0.    , -0.    , -0.    ],
 [  0.    , -0.0003,  0.    ,  0.0738, -0.0814, -0.0001, -0.0001, -0.0001,
   -0.0001, -0.0001, -0.0001,  0.0005, -0.0005],
 [  0.    , -0.0001,  0.0653, -0.    , -0.    , -0.0001,  0.0001,  0.    ,
    0.0002,  0.    , -0.0002,  0.0002,  0.0005],
 [  0.    ,  0.0002, -0.0814, -0.    ,  0.    , -0.0001,  0.    ,  0.    ,
   -0.0001,  0.0003, -0.0001,  0.0001, -0.0002],
 [ -0.    , -0.0006, -0.    , -0.    , -0.    , -0.0001,  0.0002, -0.0001,
   -0.0269,  0.0712,  0.0001,  0.0194, -0.1589],
 [ -0.    ,  0.0012, -0.    ,  0.    ,  0.    , -0.0001,  0.    ,  0.0003,
    0.0712, -0.0271,  0.0655, -0.0102,  0.0195],
 [ -0.    ,  0.0003,  0.    ,  0.    ,  0.    , -0.0001, -0.0002, -0.0001,
    0.0001,  0.0655,  0.    , -0.0002, -0.0149],
 [ -0.    ,  0.0003,  0.    , -0.    , -0.    ,  0.0005,  0.0002,  0.0001,
    0.0194, -0.0102, -0.0002, -0.0274,  0.0491],
 [ -0.    , -0.0006, -0.    , -0.    , -0.    , -0.0005,  0.0005, -0.0002,
   -0.1589,  0.0195, -0.0149,  0.0491, -0.0269]]Atom 001: 152.81971232 
Orbital: [[-0.    ,-0.    ,-0.    ,-0.    ,-0.    , 0.    , 0.    , 0.    , 0.    ,
   0.    ,-0.    , 0.    , 0.    ],
 [-0.    ,-0.0005,-0.    , 0.0002, 0.    ,-0.0025,-0.0002,-0.002 ,-0.0008,
   0.0004,-0.0002,-0.0005,-0.0008],
 [-0.    ,-0.    , 0.    ,17.4523,30.9935,-0.    ,-0.3147,-0.4168, 0.    ,
   0.    , 0.    , 0.    ,-0.    ],
 [-0.    , 0.0002,17.4523,-0.    ,30.9207,-0.3391, 0.    ,-0.413 , 0.    ,
   0.    , 0.    , 0.    ,-0.    ],
 [-0.    , 0.    ,30.9935,30.9207, 0.    ,-0.4169,-0.3801,-0.0001,-0.    ,
   0.    , 0.    , 0.    , 0.    ],
 [ 0.    ,-0.0025,-0.    ,-0.3391,-0.4169,-0.004 , 0.0653, 0.0925,-0.    ,
  -0.0002,-0.0002,-0.0001,-0.0001],
 [ 0.    ,-0.0002,-0.3147, 0.    ,-0.3801, 0.0653, 0.0005, 0.0654, 0.0003,
  -0.0002,-0.    ,-0.0001, 0.0006],
 [ 0.    ,-0.002 ,-0.4168,-0.413 ,-0.0001, 0.0925, 0.0654,-0.004 , 0.0002,
  -0.0002,-0.0002, 0.    ,-0.0002],
 [ 0.    ,-0.0008, 0.    , 0.    ,-0.    ,-0.    , 0.0003, 0.0002,-0.0203,
  -0.0368, 0.0073,-0.0453,-0.2796],
 [ 0.    , 0.0004, 0.    , 0.    , 0.    ,-0.0002,-0.0002,-0.0002,-0.0368,
  -0.0204,-0.1323,-0.0509,-0.0452],
 [-0.    ,-0.0002, 0.    , 0.    , 0.    ,-0.0002,-0.    ,-0.0002, 0.0073,
  -0.1323, 0.    ,-0.1979,-0.0077],
 [ 0.    ,-0.0005, 0.    , 0.    , 0.    ,-0.0001,-0.0001, 0.    ,-0.0453,
  -0.0509,-0.1979,-0.0208,-0.0588],
 [ 0.    ,-0.0008,-0.    ,-0.    , 0.    ,-0.0001, 0.0006,-0.0002,-0.2796,
  -0.0452,-0.0077,-0.0588,-0.0203]]Diference to the first angle: [[  0.    , -0.    ,  0.    ,  0.    ,  0.    , -0.    , -0.    , -0.    ,
    0.    ,  0.    ,  0.    ,  0.    ,  0.    ],
 [ -0.    , -0.0002, -0.    ,  0.    ,  0.    , -0.0003, -0.0001,  0.0002,
   -0.0006,  0.0012,  0.0003,  0.0003, -0.0006],
 [  0.    , -0.    , -0.    ,-13.4663, 14.5845,  0.    ,  0.0653, -0.0814,
   -0.    , -0.    ,  0.    ,  0.    , -0.    ],
 [  0.    ,  0.    ,-13.4663, -0.    ,  0.0009,  0.0738, -0.    , -0.    ,
   -0.    ,  0.    ,  0.    , -0.    , -0.    ],
 [  0.    ,  0.    , 14.5845,  0.0009, -0.    , -0.0815, -0.    ,  0.    ,
   -0.    ,  0.    ,  0.    , -0.    , -0.    ],
 [ -0.    , -0.0003,  0.    ,  0.0738, -0.0815, -0.0001, -0.0001, -0.0001,
   -0.0001, -0.0001, -0.0001,  0.0005, -0.0005],
 [ -0.    , -0.0001,  0.0653, -0.    , -0.    , -0.0001,  0.0001,  0.    ,
    0.0002,  0.    , -0.0002,  0.0002,  0.0005],
 [ -0.    ,  0.0002, -0.0814, -0.    ,  0.    , -0.0001,  0.    ,  0.    ,
   -0.0001,  0.0003, -0.0001,  0.0001, -0.0002],
 [  0.    , -0.0006, -0.    , -0.    , -0.    , -0.0001,  0.0002, -0.0001,
   -0.0269,  0.0712,  0.0001,  0.0194, -0.1588],
 [  0.    ,  0.0012, -0.    ,  0.    ,  0.    , -0.0001,  0.    ,  0.0003,
    0.0712, -0.0271,  0.0655, -0.0102,  0.0195],
 [  0.    ,  0.0003,  0.    ,  0.    ,  0.    , -0.0001, -0.0002, -0.0001,
    0.0001,  0.0655,  0.    , -0.0002, -0.0149],
 [  0.    ,  0.0003,  0.    , -0.    , -0.    ,  0.0005,  0.0002,  0.0001,
    0.0194, -0.0102, -0.0002, -0.0274,  0.0491],
 [  0.    , -0.0006, -0.    , -0.    , -0.    , -0.0005,  0.0005, -0.0002,
   -0.1588,  0.0195, -0.0149,  0.0491, -0.0269]]Atom 002: -110.55842493 
Orbital: [[ -0.    ,  0.    ,  0.    ,  0.    ,  0.    , -0.    ,  0.    ,  0.    ,
    0.    ],
 [  0.    , -0.8554,-18.0892,-18.2847, -0.0002,  0.0005, -0.0004, -0.0004,
   -0.0001],
 [  0.    ,-18.0892, -1.0129,-17.3233,  0.0006, -0.0012,  0.0007, -0.0004,
    0.0005],
 [  0.    ,-18.2847,-17.3233, -1.282 ,  0.    ,  0.0004,  0.    ,  0.0007,
    0.0002],
 [  0.    , -0.0002,  0.0006,  0.    , -0.    , -0.0006, -0.    , -0.0005,
   -0.0023],
 [ -0.    ,  0.0005, -0.0012,  0.0004, -0.0006,  0.    , -0.0015, -0.0004,
   -0.0006],
 [  0.    , -0.0004,  0.0007,  0.    , -0.    , -0.0015,  0.    , -0.0013,
   -0.    ],
 [  0.    , -0.0004, -0.0004,  0.0007, -0.0005, -0.0004, -0.0013, -0.    ,
   -0.0006],
 [  0.    , -0.0001,  0.0005,  0.0002, -0.0023, -0.0006, -0.    , -0.0006,
    0.    ]]Diference to the first angle: [[ 0.    ,-0.    ,-0.    , 0.    ,-0.    ,-0.    ,-0.    , 0.    ,-0.    ],
 [-0.    , 0.1242, 0.1324, 0.1719,-0.0001, 0.0002, 0.0001, 0.0001, 0.0001],
 [-0.    , 0.1324,-0.101 ,-0.0414, 0.0002,-0.0003,-0.0001,-0.0002,-0.0003],
 [ 0.    , 0.1719,-0.0414, 0.1509,-0.0001, 0.0005,-0.0002,-0.    , 0.0002],
 [-0.    ,-0.0001, 0.0002,-0.0001, 0.    , 0.0001,-0.    ,-0.0001, 0.0001],
 [-0.    , 0.0002,-0.0003, 0.0005, 0.0001,-0.    ,-0.0002, 0.0001, 0.    ],
 [-0.    , 0.0001,-0.0001,-0.0002,-0.    ,-0.0002, 0.    , 0.0002,-0.    ],
 [ 0.    , 0.0001,-0.0002,-0.    ,-0.0001, 0.0001, 0.0002, 0.    ,-0.0001],
 [-0.    , 0.0001,-0.0003, 0.0002, 0.0001, 0.    ,-0.    ,-0.0001,-0.    ]]Atom 003: -110.55842550 
Orbital: [[ -0.    ,  0.    ,  0.    ,  0.    ,  0.    , -0.    ,  0.    ,  0.    ,
    0.    ],
 [  0.    , -0.8554,-18.0892,-18.2847, -0.0002,  0.0005, -0.0004, -0.0004,
   -0.0001],
 [  0.    ,-18.0892, -1.0129,-17.3233,  0.0006, -0.0012,  0.0007, -0.0004,
    0.0005],
 [  0.    ,-18.2847,-17.3233, -1.282 ,  0.    ,  0.0004,  0.    ,  0.0007,
    0.0002],
 [  0.    , -0.0002,  0.0006,  0.    , -0.    , -0.0006, -0.    , -0.0005,
   -0.0023],
 [ -0.    ,  0.0005, -0.0012,  0.0004, -0.0006,  0.    , -0.0015, -0.0004,
   -0.0006],
 [  0.    , -0.0004,  0.0007,  0.    , -0.    , -0.0015,  0.    , -0.0013,
   -0.    ],
 [  0.    , -0.0004, -0.0004,  0.0007, -0.0005, -0.0004, -0.0013, -0.    ,
   -0.0006],
 [  0.    , -0.0001,  0.0005,  0.0002, -0.0023, -0.0006, -0.    , -0.0006,
    0.    ]]Diference to the first angle: [[ 0.    ,-0.    ,-0.    ,-0.    ,-0.    , 0.    ,-0.    ,-0.    ,-0.    ],
 [-0.    , 0.1242, 0.0052, 0.1719,-0.0002, 0.0002,-0.0005,-0.0002, 0.0001],
 [-0.    , 0.0052,-0.1009, 0.0858,-0.    ,-0.0004,-0.0001,-0.    ,-0.0002],
 [-0.    , 0.1719, 0.0858, 0.1509, 0.    , 0.0004, 0.0005, 0.0002, 0.0002],
 [-0.    ,-0.0002,-0.    , 0.    ,-0.    ,-0.0002,-0.    , 0.0001, 0.0001],
 [ 0.    , 0.0002,-0.0004, 0.0004,-0.0002, 0.    , 0.0002, 0.0001,-0.    ],
 [-0.    ,-0.0005,-0.0001, 0.0005,-0.    , 0.0002, 0.    ,-0.0002,-0.    ],
 [-0.    ,-0.0002,-0.    , 0.0002, 0.0001, 0.0001,-0.0002,-0.    ,-0.0001],
 [-0.    , 0.0001,-0.0002, 0.0002, 0.0001,-0.    ,-0.    ,-0.0001, 0.    ]]Atom 004: -112.00871988 
Orbital: [[ -0.    , -0.    , -0.    ,  0.    ,  0.    ,  0.    ,  0.    , -0.    ,
    0.    ],
 [ -0.    , -1.2892,-17.3241,-18.7035, -0.0002,  0.0003,  0.0002,  0.0004,
    0.0003],
 [ -0.    ,-17.3241, -1.3154,-18.6784,  0.0012,  0.0001,  0.0005, -0.001 ,
    0.0002],
 [  0.    ,-18.7035,-18.6784,  0.0207,  0.    , -0.0002, -0.0009,  0.    ,
    0.0003],
 [  0.    , -0.0002,  0.0012,  0.    ,  0.    , -0.0003,  0.    , -0.0006,
   -0.0026],
 [  0.    ,  0.0003,  0.0001, -0.0002, -0.0003,  0.    , -0.0012, -0.0006,
   -0.0004],
 [  0.    ,  0.0002,  0.0005, -0.0009,  0.    , -0.0012,  0.    , -0.0015,
   -0.    ],
 [ -0.    ,  0.0004, -0.001 ,  0.    , -0.0006, -0.0006, -0.0015,  0.    ,
   -0.0006],
 [  0.    ,  0.0003,  0.0002,  0.0003, -0.0026, -0.0004, -0.    , -0.0006,
   -0.    ]]Diference to the first angle: [[-0.    ,-0.    ,-0.    , 0.    , 0.    ,-0.    , 0.    ,-0.    , 0.    ],
 [-0.    ,-0.4052,-0.3849, 0.5284, 0.0001,-0.0003, 0.0003, 0.0003,-0.0002],
 [-0.    ,-0.3849,-0.4036,-0.1141, 0.0003, 0.0001,-0.0003, 0.0002,-0.0001],
 [ 0.    , 0.5284,-0.1141,-0.0018,-0.    , 0.0001,-0.0007,-0.    , 0.0007],
 [ 0.    , 0.0001, 0.0003,-0.    , 0.    , 0.0002, 0.    , 0.    ,-0.0002],
 [-0.    ,-0.0003, 0.0001, 0.0001, 0.0002,-0.    , 0.    ,-0.0002, 0.    ],
 [ 0.    , 0.0003,-0.0003,-0.0007, 0.    , 0.    , 0.    , 0.    ,-0.    ],
 [-0.    , 0.0003, 0.0002,-0.    , 0.    ,-0.0002, 0.    , 0.    , 0.0001],
 [ 0.    ,-0.0002,-0.0001, 0.0007,-0.0002, 0.    ,-0.    , 0.0001,-0.    ]]Atom 005: -112.00871904 
Orbital: [[ -0.    , -0.    , -0.    ,  0.    ,  0.    ,  0.    ,  0.    , -0.    ,
    0.    ],
 [ -0.    , -1.2892,-17.3241,-18.7035, -0.0002,  0.0003,  0.0002,  0.0004,
    0.0003],
 [ -0.    ,-17.3241, -1.3154,-18.6784,  0.0012,  0.0001,  0.0005, -0.001 ,
    0.0002],
 [  0.    ,-18.7035,-18.6784,  0.0207,  0.    , -0.0002, -0.0009,  0.    ,
    0.0003],
 [  0.    , -0.0002,  0.0012,  0.    ,  0.    , -0.0003,  0.    , -0.0006,
   -0.0026],
 [  0.    ,  0.0003,  0.0001, -0.0002, -0.0003,  0.    , -0.0012, -0.0006,
   -0.0004],
 [  0.    ,  0.0002,  0.0005, -0.0009,  0.    , -0.0012,  0.    , -0.0015,
   -0.    ],
 [ -0.    ,  0.0004, -0.001 ,  0.    , -0.0006, -0.0006, -0.0015,  0.    ,
   -0.0006],
 [  0.    ,  0.0003,  0.0002,  0.0003, -0.0026, -0.0004, -0.    , -0.0006,
   -0.    ]]Diference to the first angle: [[-0.    ,-0.    ,-0.    , 0.    , 0.    ,-0.    , 0.    ,-0.    , 0.    ],
 [-0.    ,-0.4052,-0.385 , 0.5284, 0.0001,-0.0003, 0.0003, 0.0003,-0.0002],
 [-0.    ,-0.385 ,-0.4037,-0.1141, 0.0003, 0.0001,-0.0003, 0.0002,-0.0001],
 [ 0.    , 0.5284,-0.1141,-0.0018,-0.    , 0.0001,-0.0007,-0.    , 0.0007],
 [ 0.    , 0.0001, 0.0003,-0.    , 0.    , 0.0002, 0.    , 0.    ,-0.0002],
 [-0.    ,-0.0003, 0.0001, 0.0001, 0.0002,-0.    , 0.    ,-0.0002, 0.    ],
 [ 0.    , 0.0003,-0.0003,-0.0007, 0.    , 0.    , 0.    , 0.    ,-0.    ],
 [-0.    , 0.0003, 0.0002,-0.    , 0.    ,-0.0002, 0.    , 0.    , 0.0001],
 [ 0.    ,-0.0002,-0.0001, 0.0007,-0.0002, 0.    ,-0.    , 0.0001,-0.    ]]Atom 006: -110.55846251 
Orbital: [[ -0.    ,  0.    ,  0.    ,  0.    ,  0.    , -0.    ,  0.    ,  0.    ,
    0.    ],
 [  0.    , -0.8554,-18.0893,-18.2846, -0.0002,  0.0005, -0.0004, -0.0004,
   -0.0001],
 [  0.    ,-18.0893, -1.0129,-17.3233,  0.0006, -0.0012,  0.0007, -0.0004,
    0.0005],
 [  0.    ,-18.2846,-17.3233, -1.2819,  0.    ,  0.0004,  0.    ,  0.0007,
    0.0002],
 [  0.    , -0.0002,  0.0006,  0.    , -0.    , -0.0006, -0.    , -0.0005,
   -0.0023],
 [ -0.    ,  0.0005, -0.0012,  0.0004, -0.0006,  0.    , -0.0015, -0.0004,
   -0.0006],
 [  0.    , -0.0004,  0.0007,  0.    , -0.    , -0.0015,  0.    , -0.0013,
   -0.    ],
 [  0.    , -0.0004, -0.0004,  0.0007, -0.0005, -0.0004, -0.0013, -0.    ,
   -0.0006],
 [  0.    , -0.0001,  0.0005,  0.0002, -0.0023, -0.0006, -0.    , -0.0006,
    0.    ]]Diference to the first angle: [[ 0.    ,-0.    ,-0.    ,-0.    ,-0.    , 0.    ,-0.    ,-0.    ,-0.    ],
 [-0.    , 0.1242, 0.0052, 0.1719,-0.0002, 0.0002,-0.0005,-0.0002, 0.0001],
 [-0.    , 0.0052,-0.1009, 0.0858,-0.    ,-0.0004,-0.0001,-0.    ,-0.0002],
 [-0.    , 0.1719, 0.0858, 0.1509, 0.    , 0.0004, 0.0005, 0.0002, 0.0002],
 [-0.    ,-0.0002,-0.    , 0.    ,-0.    ,-0.0002,-0.    , 0.0001, 0.0001],
 [ 0.    , 0.0002,-0.0004, 0.0004,-0.0002, 0.    , 0.0002, 0.0001,-0.    ],
 [-0.    ,-0.0005,-0.0001, 0.0005,-0.    , 0.0002, 0.    ,-0.0002,-0.    ],
 [-0.    ,-0.0002,-0.    , 0.0002, 0.0001, 0.0001,-0.0002,-0.    ,-0.0001],
 [-0.    , 0.0001,-0.0002, 0.0002, 0.0001,-0.    ,-0.    ,-0.0001, 0.    ]]Atom 007: -110.55846247 
Orbital: [[ -0.    ,  0.    ,  0.    ,  0.    ,  0.    , -0.    ,  0.    ,  0.    ,
    0.    ],
 [  0.    , -0.8554,-18.0893,-18.2846, -0.0002,  0.0005, -0.0004, -0.0004,
   -0.0001],
 [  0.    ,-18.0893, -1.0129,-17.3233,  0.0006, -0.0012,  0.0007, -0.0004,
    0.0005],
 [  0.    ,-18.2846,-17.3233, -1.2819,  0.    ,  0.0004,  0.    ,  0.0007,
    0.0002],
 [  0.    , -0.0002,  0.0006,  0.    , -0.    , -0.0006, -0.    , -0.0005,
   -0.0023],
 [ -0.    ,  0.0005, -0.0012,  0.0004, -0.0006,  0.    , -0.0015, -0.0004,
   -0.0006],
 [  0.    , -0.0004,  0.0007,  0.    , -0.    , -0.0015,  0.    , -0.0013,
   -0.    ],
 [  0.    , -0.0004, -0.0004,  0.0007, -0.0005, -0.0004, -0.0013, -0.    ,
   -0.0006],
 [  0.    , -0.0001,  0.0005,  0.0002, -0.0023, -0.0006, -0.    , -0.0006,
    0.    ]]Diference to the first angle: [[ 0.    ,-0.    ,-0.    , 0.    ,-0.    ,-0.    ,-0.    , 0.    ,-0.    ],
 [-0.    , 0.1242, 0.1325, 0.172 ,-0.0001, 0.0002, 0.0001, 0.0001, 0.0001],
 [-0.    , 0.1325,-0.1011,-0.0415, 0.0002,-0.0003,-0.0001,-0.0002,-0.0003],
 [ 0.    , 0.172 ,-0.0415, 0.1509,-0.0001, 0.0005,-0.0002,-0.    , 0.0002],
 [-0.    ,-0.0001, 0.0002,-0.0001, 0.    , 0.0001,-0.    ,-0.0001, 0.0001],
 [-0.    , 0.0002,-0.0003, 0.0005, 0.0001,-0.    ,-0.0002, 0.0001, 0.    ],
 [-0.    , 0.0001,-0.0001,-0.0002,-0.    ,-0.0002, 0.    , 0.0002,-0.    ],
 [ 0.    , 0.0001,-0.0002,-0.    ,-0.0001, 0.0001, 0.0002, 0.    ,-0.0001],
 [-0.    , 0.0001,-0.0003, 0.0002, 0.0001, 0.    ,-0.    ,-0.0001,-0.    ]]
------------------------------------------------------------
Angle 002:   theta=1.57080 phi=1.57080 
 E: -276.49316154 
Atom 000: 152.80106702 
Orbital: [[-0.    ,-0.    , 0.    , 0.    , 0.    , 0.    ,-0.    ,-0.    ,-0.    ,
  -0.    , 0.    , 0.    , 0.    ],
 [-0.    ,-0.0005, 0.    , 0.0002, 0.    ,-0.0022,-0.0002,-0.0022,-0.0007,
  -0.0005,-0.0002, 0.0004,-0.0009],
 [ 0.    , 0.    , 0.    ,30.9178,30.9937,-0.0001,-0.38  ,-0.4169, 0.    ,
   0.    ,-0.    , 0.    ,-0.    ],
 [ 0.    , 0.0002,30.9178,-0.    ,17.4454,-0.4129, 0.    ,-0.3391,-0.    ,
   0.    , 0.    , 0.    , 0.    ],
 [ 0.    , 0.    ,30.9937,17.4454, 0.    ,-0.4168,-0.3147,-0.0001,-0.    ,
   0.    , 0.    , 0.    , 0.    ],
 [ 0.    ,-0.0022,-0.0001,-0.4129,-0.4168,-0.0039, 0.0654, 0.0925,-0.0001,
   0.0001,-0.0002,-0.0004,-0.    ],
 [-0.    ,-0.0002,-0.38  , 0.    ,-0.3147, 0.0654, 0.0005, 0.0653, 0.0005,
  -0.0001,-0.    ,-0.0002, 0.0003],
 [-0.    ,-0.0022,-0.4169,-0.3391,-0.0001, 0.0925, 0.0653,-0.0039, 0.    ,
  -0.0002,-0.0002, 0.0001,-0.0001],
 [-0.    ,-0.0007, 0.    ,-0.    ,-0.    ,-0.0001, 0.0005, 0.    , 0.0072,
  -0.0285,-0.0076,-0.0645,-0.3071],
 [-0.    ,-0.0005, 0.    , 0.    , 0.    , 0.0001,-0.0001,-0.0002,-0.0285,
   0.0069,-0.1979,-0.0784,-0.0646],
 [ 0.    ,-0.0002,-0.    , 0.    , 0.    ,-0.0002,-0.    ,-0.0002,-0.0076,
  -0.1979, 0.    ,-0.1323, 0.0073],
 [ 0.    , 0.0004, 0.    , 0.    , 0.    ,-0.0004,-0.0002, 0.0001,-0.0645,
  -0.0784,-0.1323, 0.007 ,-0.0284],
 [ 0.    ,-0.0009,-0.    , 0.    , 0.    ,-0.    , 0.0003,-0.0001,-0.3071,
  -0.0646, 0.0073,-0.0284, 0.0071]]Diference to the first angle: [[  0.    ,  0.    , -0.    , -0.    , -0.    ,  0.    ,  0.    ,  0.    ,
   -0.    , -0.    , -0.    ,  0.    , -0.    ],
 [  0.    , -0.0002,  0.    ,  0.    , -0.    , -0.    , -0.0001, -0.    ,
   -0.0005,  0.0003,  0.0003,  0.0012, -0.0007],
 [ -0.    ,  0.    , -0.    ,  0.    , 14.5808, -0.    ,  0.    , -0.0814,
   -0.    , -0.    ,  0.    ,  0.    , -0.    ],
 [ -0.    ,  0.    ,  0.    ,  0.    ,-13.4735, -0.    , -0.    ,  0.0738,
   -0.    , -0.    ,  0.    ,  0.    , -0.    ],
 [ -0.    , -0.    , 14.5808,-13.4735, -0.    , -0.0814,  0.0653, -0.    ,
   -0.    ,  0.    ,  0.    , -0.    , -0.    ],
 [  0.    , -0.    , -0.    , -0.    , -0.0814,  0.    ,  0.    , -0.0001,
   -0.0001,  0.0002, -0.0001,  0.0001, -0.0003],
 [  0.    , -0.0001,  0.    , -0.    ,  0.0653,  0.    ,  0.0001, -0.0001,
    0.0004,  0.0002, -0.0002,  0.    ,  0.0003],
 [  0.    , -0.    , -0.0814,  0.0738, -0.    , -0.0001, -0.0001,  0.    ,
   -0.0003,  0.0003, -0.0001,  0.0002, -0.0002],
 [ -0.    , -0.0005, -0.    , -0.    , -0.    , -0.0001,  0.0004, -0.0003,
    0.0006,  0.0794, -0.0148,  0.0002, -0.1863],
 [ -0.    ,  0.0003, -0.    , -0.    ,  0.    ,  0.0002,  0.0002,  0.0003,
    0.0794,  0.0003, -0.0002, -0.0377,  0.0001],
 [ -0.    ,  0.0003,  0.    ,  0.    ,  0.    , -0.0001, -0.0002, -0.0001,
   -0.0148, -0.0002,  0.    ,  0.0655,  0.0001],
 [  0.    ,  0.0012,  0.    ,  0.    , -0.    ,  0.0001,  0.    ,  0.0002,
    0.0002, -0.0377,  0.0655,  0.0003,  0.0795],
 [ -0.    , -0.0007, -0.    , -0.    , -0.    , -0.0003,  0.0003, -0.0002,
   -0.1863,  0.0001,  0.0001,  0.0795,  0.0005]]Atom 001: 152.79579192 
Orbital: [[-0.    , 0.    ,-0.    ,-0.    ,-0.    ,-0.    , 0.    , 0.    , 0.    ,
   0.    ,-0.    ,-0.    ,-0.    ],
 [ 0.    ,-0.0005, 0.    , 0.0002, 0.    ,-0.0022,-0.0002,-0.0022,-0.0007,
  -0.0005,-0.0002, 0.0004,-0.0009],
 [-0.    , 0.    , 0.    ,30.9186,30.9944,-0.0001,-0.38  ,-0.4169, 0.    ,
   0.    ,-0.    , 0.    ,-0.    ],
 [-0.    , 0.0002,30.9186,-0.    ,17.4413,-0.4129, 0.    ,-0.3391,-0.    ,
   0.    , 0.    , 0.    , 0.    ],
 [-0.    , 0.    ,30.9944,17.4413, 0.    ,-0.4169,-0.3147,-0.0001,-0.    ,
   0.    , 0.    , 0.    , 0.    ],
 [-0.    ,-0.0022,-0.0001,-0.4129,-0.4169,-0.0039, 0.0654, 0.0925,-0.0001,
   0.0001,-0.0002,-0.0004,-0.    ],
 [ 0.    ,-0.0002,-0.38  , 0.    ,-0.3147, 0.0654, 0.0005, 0.0653, 0.0005,
  -0.0001,-0.    ,-0.0002, 0.0003],
 [ 0.    ,-0.0022,-0.4169,-0.3391,-0.0001, 0.0925, 0.0653,-0.0039, 0.    ,
  -0.0002,-0.0002, 0.0001,-0.0001],
 [ 0.    ,-0.0007, 0.    ,-0.    ,-0.    ,-0.0001, 0.0005, 0.    , 0.0072,
  -0.0285,-0.0076,-0.0645,-0.3071],
 [ 0.    ,-0.0005, 0.    , 0.    , 0.    , 0.0001,-0.0001,-0.0002,-0.0285,
   0.0069,-0.1979,-0.0784,-0.0646],
 [-0.    ,-0.0002,-0.    , 0.    , 0.    ,-0.0002,-0.    ,-0.0002,-0.0076,
  -0.1979, 0.    ,-0.1323, 0.0073],
 [-0.    , 0.0004, 0.    , 0.    , 0.    ,-0.0004,-0.0002, 0.0001,-0.0645,
  -0.0784,-0.1323, 0.007 ,-0.0284],
 [-0.    ,-0.0009,-0.    , 0.    , 0.    ,-0.    , 0.0003,-0.0001,-0.3071,
  -0.0646, 0.0073,-0.0284, 0.0071]]Diference to the first angle: [[  0.    , -0.    ,  0.    ,  0.    ,  0.    , -0.    , -0.    , -0.    ,
    0.    ,  0.    ,  0.    , -0.    ,  0.    ],
 [ -0.    , -0.0002,  0.    ,  0.    , -0.    , -0.    , -0.0001, -0.    ,
   -0.0005,  0.0003,  0.0003,  0.0012, -0.0007],
 [  0.    ,  0.    , -0.    ,  0.    , 14.5854, -0.    ,  0.    , -0.0814,
   -0.    , -0.    ,  0.    ,  0.    , -0.    ],
 [  0.    ,  0.    ,  0.    ,  0.    ,-13.4784, -0.    , -0.    ,  0.0739,
   -0.    , -0.    ,  0.    ,  0.    , -0.    ],
 [  0.    , -0.    , 14.5854,-13.4784, -0.    , -0.0814,  0.0654, -0.    ,
   -0.    ,  0.    ,  0.    , -0.    , -0.    ],
 [ -0.    , -0.    , -0.    , -0.    , -0.0814,  0.    ,  0.    , -0.0001,
   -0.0001,  0.0002, -0.0001,  0.0001, -0.0003],
 [ -0.    , -0.0001,  0.    , -0.    ,  0.0654,  0.    ,  0.0001, -0.0001,
    0.0004,  0.0002, -0.0002,  0.    ,  0.0003],
 [ -0.    , -0.    , -0.0814,  0.0739, -0.    , -0.0001, -0.0001,  0.    ,
   -0.0003,  0.0003, -0.0001,  0.0002, -0.0002],
 [  0.    , -0.0005, -0.    , -0.    , -0.    , -0.0001,  0.0004, -0.0003,
    0.0006,  0.0794, -0.0148,  0.0002, -0.1863],
 [  0.    ,  0.0003, -0.    , -0.    ,  0.    ,  0.0002,  0.0002,  0.0003,
    0.0794,  0.0003, -0.0002, -0.0377,  0.0001],
 [  0.    ,  0.0003,  0.    ,  0.    ,  0.    , -0.0001, -0.0002, -0.0001,
   -0.0148, -0.0002,  0.    ,  0.0655,  0.0001],
 [ -0.    ,  0.0012,  0.    ,  0.    , -0.    ,  0.0001,  0.    ,  0.0002,
    0.0002, -0.0377,  0.0655,  0.0003,  0.0795],
 [  0.    , -0.0007, -0.    , -0.    , -0.    , -0.0003,  0.0003, -0.0002,
   -0.1863,  0.0001,  0.0001,  0.0795,  0.0005]]Atom 002: -111.51162001 
Orbital: [[ -0.    ,  0.    , -0.    , -0.    ,  0.    ,  0.    ,  0.    ,  0.    ,
    0.    ],
 [  0.    , -0.7989,-18.0794,-18.3397,  0.0002,  0.0003,  0.0003,  0.0003,
   -0.0005],
 [ -0.    ,-18.0794, -1.2147,-17.5687,  0.0003, -0.0011,  0.0006, -0.0003,
    0.0007],
 [ -0.    ,-18.3397,-17.5687, -1.5091, -0.0003, -0.0001,  0.    ,  0.0005,
    0.0002],
 [  0.    ,  0.0002,  0.0003, -0.0003,  0.    , -0.0006, -0.    , -0.0006,
   -0.0023],
 [  0.    ,  0.0003, -0.0011, -0.0001, -0.0006,  0.    , -0.0015, -0.0003,
   -0.0007],
 [  0.    ,  0.0003,  0.0006,  0.    , -0.    , -0.0015,  0.    , -0.0013,
   -0.    ],
 [  0.    ,  0.0003, -0.0003,  0.0005, -0.0006, -0.0003, -0.0013,  0.    ,
   -0.0005],
 [  0.    , -0.0005,  0.0007,  0.0002, -0.0023, -0.0007, -0.    , -0.0005,
    0.    ]]Diference to the first angle: [[ 0.    ,-0.    ,-0.    ,-0.    ,-0.    , 0.    ,-0.    , 0.    ,-0.    ],
 [-0.    , 0.1807, 0.1423, 0.1169, 0.0003, 0.    , 0.0008, 0.0007,-0.0003],
 [-0.    , 0.1423,-0.3029,-0.2869,-0.0001,-0.0001,-0.0002,-0.    ,-0.0002],
 [-0.    , 0.1169,-0.2869,-0.0762,-0.0004,-0.    ,-0.0002,-0.0002, 0.0002],
 [-0.    , 0.0003,-0.0001,-0.0004, 0.    , 0.0001,-0.    ,-0.0002, 0.0001],
 [ 0.    , 0.    ,-0.0001,-0.    , 0.0001,-0.    ,-0.0002, 0.0001,-0.0001],
 [-0.    , 0.0008,-0.0002,-0.0002,-0.    ,-0.0002, 0.    , 0.0002,-0.    ],
 [ 0.    , 0.0007,-0.    ,-0.0002,-0.0002, 0.0001, 0.0002, 0.    ,-0.    ],
 [-0.    ,-0.0003,-0.0002, 0.0002, 0.0001,-0.0001,-0.    ,-0.    ,-0.    ]]Atom 003: -111.52978284 
Orbital: [[ -0.    ,  0.    , -0.    , -0.    ,  0.    , -0.    ,  0.    , -0.    ,
    0.    ],
 [  0.    , -0.7121,-18.2368,-18.1922,  0.0002,  0.0005, -0.0007, -0.0004,
    0.    ],
 [ -0.    ,-18.2368, -1.2147,-17.6113,  0.0006, -0.0009,  0.0006, -0.0002,
    0.0008],
 [ -0.    ,-18.1922,-17.6113, -1.5091,  0.0001,  0.0001, -0.0002,  0.0005,
    0.0001],
 [  0.    ,  0.0002,  0.0006,  0.0001, -0.    , -0.0006,  0.    , -0.0004,
   -0.0026],
 [ -0.    ,  0.0005, -0.0009,  0.0001, -0.0006, -0.    , -0.0014, -0.0006,
   -0.0005],
 [  0.    , -0.0007,  0.0006, -0.0002,  0.    , -0.0014,  0.    , -0.0013,
    0.    ],
 [ -0.    , -0.0004, -0.0002,  0.0005, -0.0004, -0.0006, -0.0013, -0.    ,
   -0.0005],
 [  0.    ,  0.    ,  0.0008,  0.0001, -0.0026, -0.0005,  0.    , -0.0005,
    0.    ]]Diference to the first angle: [[-0.    , 0.    ,-0.    ,-0.    , 0.    , 0.    , 0.    ,-0.    , 0.    ],
 [ 0.    , 0.2675,-0.1424, 0.2644, 0.0002, 0.0002,-0.0008,-0.0003, 0.0002],
 [-0.    ,-0.1424,-0.3028,-0.2022, 0.    ,-0.0001,-0.0002, 0.0002, 0.0001],
 [-0.    , 0.2644,-0.2022,-0.0762, 0.0001, 0.0002, 0.0003, 0.0001, 0.0001],
 [ 0.    , 0.0002, 0.    , 0.0001,-0.    ,-0.0001, 0.    , 0.0002,-0.0001],
 [ 0.    , 0.0002,-0.0001, 0.0002,-0.0001, 0.    , 0.0002,-0.0001, 0.0001],
 [ 0.    ,-0.0008,-0.0002, 0.0003, 0.    , 0.0002, 0.    ,-0.0002, 0.    ],
 [-0.    ,-0.0003, 0.0002, 0.0001, 0.0002,-0.0001,-0.0002,-0.    , 0.    ],
 [ 0.    , 0.0002, 0.0001, 0.0001,-0.0001, 0.0001, 0.    , 0.    , 0.    ]]Atom 004: -110.08421102 
Orbital: [[ -0.    ,  0.    ,  0.    ,  0.    ,  0.    ,  0.    ,  0.    , -0.    ,
    0.    ],
 [  0.    , -0.8897,-16.9391,-18.8124, -0.0002,  0.0006, -0.0001,  0.0004,
    0.0005],
 [  0.    ,-16.9391, -0.9118,-18.3918,  0.001 , -0.0001,  0.0008, -0.0016,
    0.0003],
 [  0.    ,-18.8124,-18.3918,  0.018 ,  0.    ,  0.0001, -0.0009,  0.    ,
   -0.0003],
 [  0.    , -0.0002,  0.001 ,  0.    ,  0.    , -0.0005, -0.    , -0.0006,
   -0.0024],
 [  0.    ,  0.0006, -0.0001,  0.0001, -0.0005,  0.    , -0.0012, -0.0005,
   -0.0004],
 [  0.    , -0.0001,  0.0008, -0.0009, -0.    , -0.0012,  0.    , -0.0016,
   -0.    ],
 [ -0.    ,  0.0004, -0.0016,  0.    , -0.0006, -0.0005, -0.0016,  0.    ,
   -0.0007],
 [  0.    ,  0.0005,  0.0003, -0.0003, -0.0024, -0.0004, -0.    , -0.0007,
   -0.    ]]Diference to the first angle: [[-0.    , 0.    , 0.    ,-0.    ,-0.    ,-0.    ,-0.    , 0.    ,-0.    ],
 [ 0.    ,-0.0057, 0.0001, 0.4195, 0.0002,-0.    ,-0.    , 0.0003, 0.    ],
 [ 0.    , 0.0001, 0.    , 0.1724, 0.    ,-0.    , 0.    ,-0.0005, 0.    ],
 [-0.    , 0.4195, 0.1724,-0.0044, 0.    , 0.0004,-0.0006, 0.    , 0.0001],
 [-0.    , 0.0002, 0.    , 0.    , 0.    , 0.    , 0.    ,-0.    ,-0.    ],
 [-0.    ,-0.    ,-0.    , 0.0004, 0.    ,-0.    , 0.    ,-0.    ,-0.    ],
 [-0.    ,-0.    , 0.    ,-0.0006, 0.    , 0.    ,-0.    , 0.    ,-0.    ],
 [ 0.    , 0.0003,-0.0005, 0.    ,-0.    ,-0.    , 0.    ,-0.    , 0.    ],
 [-0.    , 0.    , 0.    , 0.0001,-0.    ,-0.    ,-0.    , 0.    , 0.    ]]Atom 005: -110.08421257 
Orbital: [[ -0.    ,  0.    ,  0.    ,  0.    ,  0.    ,  0.    ,  0.    , -0.    ,
    0.    ],
 [  0.    , -0.8898,-16.9392,-18.8123, -0.0002,  0.0006, -0.0001,  0.0004,
    0.0005],
 [  0.    ,-16.9392, -0.9118,-18.3918,  0.001 , -0.0001,  0.0008, -0.0016,
    0.0003],
 [  0.    ,-18.8123,-18.3918,  0.018 ,  0.    ,  0.0001, -0.0009,  0.    ,
   -0.0003],
 [  0.    , -0.0002,  0.001 ,  0.    ,  0.    , -0.0005, -0.    , -0.0006,
   -0.0024],
 [  0.    ,  0.0006, -0.0001,  0.0001, -0.0005,  0.    , -0.0012, -0.0005,
   -0.0004],
 [  0.    , -0.0001,  0.0008, -0.0009, -0.    , -0.0012,  0.    , -0.0016,
   -0.    ],
 [ -0.    ,  0.0004, -0.0016,  0.    , -0.0006, -0.0005, -0.0016,  0.    ,
   -0.0007],
 [  0.    ,  0.0005,  0.0003, -0.0003, -0.0024, -0.0004, -0.    , -0.0007,
   -0.    ]]Diference to the first angle: [[-0.    , 0.    , 0.    ,-0.    ,-0.    ,-0.    ,-0.    , 0.    ,-0.    ],
 [ 0.    ,-0.0057,-0.0001, 0.4196, 0.0002,-0.    ,-0.    , 0.0003, 0.    ],
 [ 0.    ,-0.0001,-0.    , 0.1725, 0.    ,-0.    , 0.    ,-0.0005, 0.    ],
 [-0.    , 0.4196, 0.1725,-0.0044, 0.    , 0.0004,-0.0006, 0.    , 0.0001],
 [-0.    , 0.0002, 0.    , 0.    , 0.    , 0.    , 0.    ,-0.    ,-0.    ],
 [-0.    ,-0.    ,-0.    , 0.0004, 0.    ,-0.    , 0.    ,-0.    ,-0.    ],
 [-0.    ,-0.    , 0.    ,-0.0006, 0.    , 0.    ,-0.    , 0.    ,-0.    ],
 [ 0.    , 0.0003,-0.0005, 0.    ,-0.    ,-0.    , 0.    ,-0.    , 0.    ],
 [-0.    , 0.    , 0.    , 0.0001,-0.    ,-0.    ,-0.    , 0.    , 0.    ]]Atom 006: -111.52974854 
Orbital: [[ -0.    ,  0.    , -0.    , -0.    ,  0.    , -0.    ,  0.    , -0.    ,
    0.    ],
